-3290.8
-3281.57
-3272.34
-3263.11
-3253.88
-3244.65
-3235.42
-3226.19
-3216.96
-3207.73
-3198.5
-3189.27
-3180.03
-3170.8
-3161.57
-3152.34
-3143.11
-3133.88
-3124.65
-3115.42
-3106.19
-3096.96
-3087.73
-3078.5
-3069.27
-3060.04
-3050.81
-3041.58
-3032.35
-3023.12
-3013.89
-3004.66
-2995.43
-2986.2
-2976.97
-2967.74
-2958.51
-2949.28
-2940.05
-2930.82
-2921.59
-2912.36
-2903.13
-2893.9
-2884.66
-2875.43
-2866.2
-2856.97
-2847.74
-2838.51
-2829.28
-2820.05
-2810.82
-2801.59
-2792.36
-2783.13
-2773.9
-2764.67
-2755.44
-2746.21
