-125.166
-124.207
-124.802
-124.107
-125.081
-124.123
-123.744
-123.705
-123.649
-123.543
-123.613
-123.524
-123.492
-123.447
-123.538
-123.396
-123.457
-123.78
-123.829
-123.12
-123.954
-124.051
-123.359
-123.662
-123.986
-123.61
-123.859
-123.852
-123.474
-124.114
-123.676
-123.646
-123.885
-123.931
-124.126
-123.332
-123.907
-123.651
-124.475
-123.712
-124.413
-124.344
-123.838
-124.323
-124.333
-123.729
-123.985
-124.087
-124.166
-123.978
-123.949
-124.036
-123.85
-124.037
-124.179
-123.89
-124.246
-123.676
-124.347
-124.296
-124.173
-124.144
-124.483
-123.777
-124.335
-124.1
-124.063
-124.222
-124.331
-123.761
-124.104
-124.128
-123.974
-123.993
-124.17
-123.956
-123.78
-124.17
-124.089
-124.263
-123.928
-124.266
-124.368
-124.102
-123.889
-124.623
-124.291
-124.177
-123.843
-124.233
-123.889
-124.173
-124.292
-124.13
-123.593
-124.147
-123.991
-124.036
-123.873
-123.842
-124.119
-123.935
-123.776
-123.891
-123.976
-124.393
-123.594
-123.579
-123.637
-123.614
-123.588
-123.45
-123.667
-123.842
-123.676
-123.493
-124.02
-123.732
-123.605
-124.033
-123.779
-123.595
-123.881
-123.618
-123.136
-123.633
-123.933
-123.466
-123.361
-123.783
-123.797
-123.869
-123.946
-123.264
-123.834
-123.641
-123.816
-123.203
-123.851
-123.872
-123.657
-123.343
-123.807
-123.499
-123.944
-123.187
-123.932
-123.51
-123.376
-123.668
-123.729
-123.553
-123.676
-123.199
-124.172
-122.975
-124.361
-123.974
-123.657
-124.1
-123.887
-123.644
-123.591
-123.97
-124.137
-123.929
-123.957
-123.756
-124.283
-124.521
-123.838
-124.254
-123.859
-124.28
-124.17
-124.335
-124.708
-124.049
-124.62
-124.422
-124.767
-124.495
-124.575
-124.553
-124.186
-124.45
-124.871
-124.323
-124.301
-124.605
-124.251
-124.525
-124.113
-124.334
-124.221
-124.292
-124.382
-124.233
-124.377
-124.364
-124.147
-124.412
-124.339
-124.389
-124.481
-124.36
-124.011
-125.016
-124.638
-123.996
-124.442
-124.383
-124.457
-124.204
-124.546
-124.268
-124.143
-124.406
-124.132
-124.234
-124.581
-124.03
-124.504
-124.593
-124.074
-124.015
-124.814
-124.695
-123.843
-124.252
-124.39
-124.327
-124.065
-124.299
-124.112
-124.426
-124.327
-124.279
-124.834
-124.233
-123.855
-124.652
-124.06
-124
-124.036
-124.232
-123.908
-124.188
-124.361
-123.681
-124.085
-124.141
-123.718
-124.119
-124.219
-124.112
-123.718
-124.361
-124.384
-124.18
-124.24
-123.933
-124.123
-124.214
-124.291
-124.264
-123.885
-124.276
-124.537
-123.971
-124.121
-124.51
-124.453
-123.956
-124.366
-124.064
-124.74
-123.81
-124.433
-124.178
-124.482
-124.403
-123.799
-125.159
-123.268
-123.774
-123.957
-124.322
-123.591
-123.525
-124.103
-123.521
-124.07
-123.424
-123.551
-123.972
-123.761
-123.991
-123.405
-123.52
-123.815
-123.677
-123.847
-123.355
-124.148
-123.781
-124.09
-123.67
-123.709
-123.977
-123.664
-123.551
-123.968
-123.858
-123.47
-123.696
-123.749
-123.558
-123.733
-124.014
-123.75
-123.324
-124.114
-123.832
-123.09
-123.917
-123.701
-123.485
-123.897
-123.682
-123.282
-123.774
-123.796
-123.54
-123.482
-124.407
-122.905
-124.116
-124.643
-123.31
-124.387
-123.755
-123.725
-123.92
-123.463
-123.919
-123.12
-123.976
-123.532
-123.958
-123.437
-123.577
-123.392
-123.494
-123.705
-123.856
-123.62
-123.794
-123.537
-123.515
-123.726
-123.819
-123.544
-123.751
-123.518
-123.491
-123.95
-123.577
-123.466
-123.914
-123.78
-123.837
-123.903
-123.598
-123.655
-123.8
-123.707
-123.731
-124.099
-123.862
-123.884
-123.472
-123.867
-124.338
-124.227
-123.345
-124.163
-123.742
-123.369
-124.311
-123.553
-123.783
-124.111
-123.409
-123.821
-123.411
-123.902
-122.468
-123.843
-122.906
-123.904
-123.04
-123.151
-123.702
-123.069
-123.49
-123.334
-123.401
-123.36
-123.148
-123.57
-123.386
-123.64
-123.412
-123.464
-123.415
-123.476
-123.686
-123.568
-123.561
-123.691
-123.27
-123.312
-123.392
-123.514
-123.444
-123.292
-123.548
-123.489
-123.401
-123.464
-123.463
-123.73
-123.689
-123.361
-123.612
-123.142
-123.425
-123.321
-123.275
-123.268
-123.512
-123.692
-123.468
-122.965
-123.793
-123.558
-123.531
-123.501
-123.632
-123.364
-123.301
-123.655
-123.19
-123.678
-123.6
-123.197
-123.346
-123.198
-123.508
-123.378
-123.498
-123.382
-123.252
-123.508
-123.767
-123.094
-123.644
-123.909
-123.206
-123.563
-123.557
-123.494
-123.579
-123.245
-123.189
-123.84
-123.603
-122.175
-123.098
-122.567
-122.256
-122.637
-122.889
-122.374
-122.203
-122.866
-122.57
-122.474
-122.207
-122.89
-122.745
-122.358
-122.582
-122.732
-122.493
-122.505
-122.272
-122.524
-122.492
-122.547
-122.56
-122.624
-122.696
-122.656
-123.222
-122.877
-122.283
-122.986
-122.823
-122.133
-122.839
-122.972
-122.255
-122.88
-122.88
-122.32
-122.702
-122.753
-122.62
-122.781
-122.476
-122.575
-122.676
-122.722
-122.326
-122.675
-122.616
-122.591
-122.676
-122.417
-122.484
-122.747
-122.654
-122.639
-122.58
-122.8
-123.028
-122.46
-122.587
-122.978
-122.678
-122.697
-122.838
-122.894
-122.478
-122.537
-122.56
-122.615
-122.778
-122.772
-122.335
-122.901
-122.375
-122.957
-122.648
-122.125
-122.975
-122.285
-122.425
-122.813
-122.317
-122.323
-122.581
-122.584
-122.521
-122.632
-122.568
-122.36
-122.683
-122.947
-122.305
-122.108
-122.75
-122.196
-122.388
-122.453
-121.829
-121.989
-122.159
-122.335
-122.308
-121.973
-121.986
-122.093
-121.953
-122.078
-122.067
-121.979
-122.035
-121.938
-122.179
-121.989
-122.23
-122.243
-122.284
-121.75
-122.077
-122.401
-122.174
-122.234
-122.07
-121.869
-122.198
-122.058
-122.114
-122.223
-121.8
-122.221
-122.055
-122.005
-122.341
-122.372
-121.645
-122.1
-122.056
-122.25
-122.07
-121.897
-122.045
-122.425
-121.602
-121.916
-121.052
-121.795
-121.638
-121.839
-121.23
-121.145
-121.809
-121.639
-121.531
-121.504
-121.553
-121.36
-121.533
-121.593
-121.509
-122.008
-120.788
-121.999
-121.766
-121.636
-121.788
-121.741
-121.47
-121.657
-121.913
-121.399
-121.886
-121.569
-121.288
-121.565
-121.717
-121.515
-121.683
-121.245
-121.754
-121.758
-121.392
-121.71
-121.621
-121.532
-121.226
-121.792
-121.921
-121.517
-121.372
-121.485
-121.878
-121.843
-121.164
-121.817
-121.626
-121.789
-121.688
-121.377
-121.575
-121.889
-121.807
-121.534
-121.4
-121.768
-121.67
-121.48
-121.567
-121.865
-121.635
-121.055
-121.958
-121.575
-121.591
-121.478
-121.502
-121.483
-121.704
-121.625
-121.449
-121.657
-121.548
-121.608
-121.258
-121.338
-121.783
-121.606
-121.411
-121.39
-121.576
-121.258
-121.578
-121.82
-121.556
-121.654
-121.499
-121.901
-121.286
-121.672
-121.739
-121.443
-121.808
-121.615
-121.726
-121.64
-121.326
-121.872
-121.933
-121.531
-122.211
-121.244
-121.487
-121.922
-121.53
-121.539
-121.593
-121.631
-121.287
-121.677
-121.386
-121.525
-121.323
-121.654
-121.075
-121.39
-121.489
-121.304
-121.327
-121.435
-121.39
-121.547
-121.382
-121.266
-121.951
-121.069
-121.688
-121.348
-120.866
-121.749
-121.599
-121.297
-121.165
-121.426
-121.561
-121.361
-121.222
-121.377
-121.037
-121.217
-121.156
-121.171
-121.381
-121.094
-121.028
-120.942
-121.529
-121.103
-121.028
-121.35
-121.2
-120.766
-121.419
-121.122
-120.97
-121.028
-121.159
-120.906
-121.389
-120.977
-121.133
-121.362
-120.878
-121.074
-121.085
-121.171
-121.196
-121.347
-120.87
-120.985
-120.895
-121.305
-121.226
-121.021
-120.832
-121.151
-121.074
-121.019
-121.212
-121.143
-121.224
-121.047
-120.965
-121.242
-121.249
-120.902
-121.092
-121.438
-120.766
-121.08
-121.199
-120.96
-121.235
-121.031
-121.285
-121.065
-121.013
-121.171
-121.242
-121.314
-120.874
-120.996
-121.352
-121.232
-121.045
-120.979
-121.269
-121.119
-121.388
-121.209
-121.018
-121.511
-121.37
-121.343
-121.133
-121.375
-121.658
-121.642
-120.838
-121.207
-121.017
-121.014
-121.235
-121.534
-121.127
-120.833
-121.268
-121.452
-121.141
-120.729
-121.624
-121.187
-121.163
-121.125
-121.193
-121.099
-121.036
-121.259
-121.017
-121.363
-120.9
-121.351
-121.29
-121.196
-121.621
-121.097
-121.257
-121.729
-121.321
-121.402
-121.402
-121.56
-121.397
-121.375
-121.585
-121.366
-121.175
-121.395
-120.906
-121.218
-121.278
-121.148
-121.096
-121.117
-121.037
-121.401
-121.197
-121.295
-121.281
-120.955
-121.331
-121.238
-121.523
-120.944
-121.222
-121.416
-120.918
-121.263
-121.314
-121.281
-120.805
-121.042
-121.178
-121.425
-121.162
-120.902
-121.015
-121.244
-120.766
-121.166
-120.794
-120.943
-120.826
-121.002
-121.04
-120.79
-121.099
-121.236
-120.95
-120.86
-120.893
-120.975
-121.181
-120.996
-121.053
-121.105
-121.297
-120.683
-121.342
-120.894
-121.362
-121.18
-121.24
-121.056
-120.865
-121.069
-121.234
-121.064
-121.156
-120.918
-121.12
-120.93
-121.05
-121.01
-120.853
-121.094
-120.96
-120.895
-121.116
-120.893
-121.185
-120.948
-120.994
-121.089
-121.235
-121.031
-121.039
-121.424
-121.25
-120.954
-121.281
-121.11
-121.296
-121.053
-120.864
-121.282
-120.959
-120.773
-121.028
-120.957
-120.806
-120.822
-120.891
-121.114
-120.81
-120.88
-121.009
-120.766
-121.116
-121.142
-120.962
-120.929
-121.172
-120.929
-120.932
-121.898
-120.594
-121.449
-121.559
-121.036
-121.124
-121.781
-120.948
-121.042
-121.281
-120.974
-121.164
-121.307
-121.005
-120.958
-120.889
-120.981
-121.042
-121.053
-120.958
-121.189
-120.97
-120.64
-121.395
-121.283
-120.838
-121.168
-121.391
-121.108
-121.292
-121.355
-120.659
-121.448
-121.19
-121.412
-120.973
-121.327
-121.361
-120.996
-121.298
-120.747
-121.182
-121.051
-121.29
-121.062
-121.129
-120.949
-121.422
-121.306
-121.159
-120.759
-121.607
-121.447
-120.965
-121.628
-121.289
-121.348
-121.577
-121.26
-121.047
-121.605
-121.086
-121.489
-121.24
-121.308
-121.206
-121.433
-121.343
-121.076
-121.119
-121.388
-121.625
-121.124
-121.127
-121.216
-121.481
-121.135
-121.293
-121.495
-121.094
-121.166
-121.15
-121.623
-121.504
-121.328
-121.025
-121.335
-121.438
-121.073
-121.249
-121.482
-121.323
-120.805
-121.314
-121.272
-121.283
-121.371
-120.821
-121.239
-121.432
-121.256
-121.592
-120.908
-120.931
-121.045
-120.782
-121.139
-120.9
-120.691
-120.661
-120.667
-120.765
-120.818
-120.897
-120.51
-121.053
-120.818
-121.055
-121.028
-120.819
-120.982
-121.041
-120.453
-121.018
-121.12
-120.466
-120.808
-120.735
-120.507
-120.874
-120.784
-120.137
-121.133
-120.867
-120.548
-120.753
-120.816
-120.775
-120.866
-120.652
-120.79
-120.947
-120.557
-120.748
-120.864
-120.899
-120.707
-120.748
-120.704
-120.985
-121.025
-120.407
-121.18
-120.829
-120.615
-120.776
-120.85
-120.947
-120.772
-120.628
-120.87
-120.853
-120.397
-120.759
-120.72
-120.406
-120.694
-120.659
-120.55
-120.528
-120.451
-120.716
-120.977
-120.761
-120.202
-120.703
-120.885
-121.042
-120.341
-120.757
-121.052
-120.366
-120.685
-120.715
-120.705
-120.616
-120.602
-120.34
-120.605
-120.588
-120.27
-120.632
-120.702
-119.703
-120.636
-120.141
-120.271
-120.459
-120.188
-120.239
-120.47
-120.227
-120.346
-120.489
-120.507
-120.226
-120.306
-120.379
-120.225
-120.309
-120.242
-120.317
-120.337
-120.384
-120.367
-120.514
-120.456
-119.823
-120.741
-120.459
-119.855
-120.504
-120.365
-120.614
-120.253
-120.272
-120.54
-120.404
-120.423
-120.224
-119.994
-120.398
-120.143
-120.147
-120.035
-120.077
-119.849
-120.246
-120.06
-120.032
-119.877
-120.18
-120.095
-120.145
-119.984
-120.193
-119.993
-120.201
-120.416
-120.409
-119.753
-120.314
-120.117
-120.202
-120.202
-119.98
-120.309
-120.167
-120.457
-120.046
-120.1
-120.284
-119.995
-120.016
-120.134
-120.048
-120.102
-120.095
-119.918
-119.957
-120.076
-120.125
-120.053
-120.072
-120.164
-120.419
-119.668
-120.182
-120.399
-119.91
-120.172
-120.322
-120.076
-119.882
-120.385
-120.183
-119.931
-120.006
-120.158
-120.081
-119.721
-119.629
-120.052
-120.034
-120.032
-119.676
-119.874
-119.796
-120.328
-119.461
-119.865
-119.729
-119.788
-119.725
-119.582
-119.836
-119.845
-119.441
-119.827
-119.702
-119.713
-119.839
-119.76
-119.616
-119.771
-119.665
-119.778
-120.183
-119.977
-119.886
-120.168
-119.314
-120.073
-119.767
-119.928
-119.516
-119.213
-119.816
-119.853
-119.472
-119.279
-119.634
-119.644
-119.454
-119.505
-119.547
-119.696
-119.313
-119.768
-119.916
-119.641
-119.489
-120.006
-119.916
-119.737
-119.74
-119.687
-119.718
-119.342
-119.453
-119.823
-119.272
-119.553
-119.643
-119.559
-119.353
-119.396
-119.717
-119.631
-119.187
-119.595
-120.071
-119.699
-119.254
-119.643
-119.662
-119.486
-119.601
-119.519
-119.5
-119.511
-119.514
-119.634
-119.278
-119.597
-119.672
-119.702
-119.572
-119.299
-119.705
-119.595
-119.54
-119.493
-119.602
-119.669
-119.198
-119.558
-119.781
-119.531
-119.469
-119.432
-119.856
-119.438
-119.703
-119.554
-119.638
-120.033
-119.625
-119.519
-119.554
-119.848
-119.82
-119.418
-119.935
-119.781
-119.843
-119.588
-119.921
-119.679
-119.477
-119.823
-119.728
-119.685
-119.663
-119.688
-119.525
-119.732
-119.847
-119.884
-119.663
-119.817
-119.771
-119.84
-119.623
-119.889
-119.788
-119.822
-119.657
-119.56
-119.829
-119.695
-119.537
-119.642
-119.777
-119.472
-119.393
-119.873
-119.726
-119.718
-119.655
-119.617
-119.802
-119.682
-119.537
-119.997
-119.228
-120.016
-120.188
-119.75
-119.898
-119.997
-120.146
-119.786
-120.076
-120.251
-119.94
-120.07
-119.945
-119.959
-119.919
-119.867
-119.985
-120.26
-119.668
-119.894
-120.204
-120.018
-119.824
-120.023
-120.146
-119.775
-120.378
-120.071
-120.09
-119.736
-120.202
-120.218
-119.987
-120.186
-120.053
-119.863
-120.318
-119.975
-119.983
-120.102
-120.105
-120.143
-119.725
-120.449
-119.991
-119.717
-120.335
-120.014
-119.926
-119.872
-120.21
-120.16
-119.816
-120.076
-120.256
-120.06
-120.726
-119.457
-120.611
-120.051
-120.286
-120.189
-120.03
-120.112
-120.173
-120.206
-120.168
-120.22
-120.138
-120.226
-120.102
-119.992
-119.884
-120.36
-120.048
-120.084
-120.104
-120.348
-120.105
-119.89
-120.243
-120.236
-119.986
-120.244
-120.156
-120.108
-120.163
-120.234
-120.68
-120.17
-119.917
-120.159
-120.299
-120.33
-120.164
-119.618
-120.145
-120.414
-120.149
-119.88
-119.958
-120.023
-120.139
-120.041
-120.144
-120.14
-120.228
-119.685
-120.22
-120.345
-120.089
-120.155
-120.246
-119.916
-120.221
-120.14
-120.118
-120.128
-120.122
-120.306
-120.038
-120.262
-120.219
-120.011
-119.753
-120.418
-120.285
-119.904
-119.897
-120.048
-120.186
-120.082
-120.007
-120.063
-120.031
-120.312
-120.318
-119.709
-120.284
-120.027
-120.145
-119.816
-120.368
-119.97
-120.184
-119.792
-120.356
-120.158
-119.873
-120.005
-120.429
-120.187
-120.207
-120.584
-120.075
-120.093
-120.385
-120.07
-120.346
-120.211
-120.29
-119.912
-119.96
-120.382
-120.193
-119.908
-119.853
-120.115
-120.069
-119.819
-120.073
-120.115
-120.038
-120.054
-119.936
-119.856
-120.107
-120.092
-120.129
-120.171
-120.009
-120.134
-120.166
-120.101
-120.236
-120.099
-120.176
-120.05
-120.438
-120.076
-119.959
-120.075
-120.146
-120.277
-120.174
-120.128
-119.622
-120.107
-120.163
-119.985
-119.785
-120.005
-120.216
-120.151
-119.796
-120.134
-120.031
-120.084
-120.385
-120.004
-119.791
-120.107
-120.29
-119.893
-119.857
-120.319
-120.078
-119.814
-119.913
-120.01
-120.178
-119.891
-119.799
-120.164
-120.141
-119.863
-119.965
-119.975
-120.238
-120.239
-119.93
-119.838
-120.095
-120.277
-119.736
-120.157
-120.46
-119.771
-120.425
-120.335
-120.328
-120.037
-120.328
-120.241
-120.571
-119.875
-120.284
-120.433
-119.923
-120.18
-120.309
-119.981
-120.112
-120.384
-120.482
-120.114
-120.118
-119.954
-120.566
-120.252
-120.186
-120.225
-119.878
-120.244
-120.46
-119.932
-120.137
-120.352
-120.138
-119.967
-120.037
-120.492
-120.306
-120.091
-120.199
-120.104
-120.401
-120.508
-120.407
-120.076
-120.034
-120.843
-120.26
-120.2
-120.351
-120.296
-120.792
-119.401
-119.279
-119.56
-119.82
-119.577
-119.439
-119.179
-119.85
-119.385
-119.466
-119.768
-119.159
-119.534
-119.853
-118.706
-119.872
-119.655
-119.41
-119.257
-119.488
-119.726
-119.613
-119.185
-119.632
-119.6
-120.271
-118.302
-118.872
-118.9
-119.006
-119.005
-118.763
-118.948
-118.528
-119.083
-118.821
-118.662
-118.812
-118.839
-118.831
-118.69
-119.045
-118.897
-118.802
-119.02
-118.664
-119.02
-119.012
-118.653
-119.193
-119.067
-119.379
-118.759
-119.14
-119.239
-118.965
-118.95
-119.422
-119.19
-118.712
-119.359
-119.367
-119.233
-118.91
-119.362
-118.85
-119.489
-119.165
-119.003
-119.328
-119.355
-119.059
-119.148
-119.319
-119.257
-119.165
-119.429
-119.168
-119.208
-119.112
-119.236
-119.685
-118.966
-119.191
-119.852
-119.19
-119.189
-119.474
-119.308
-119.451
-119.503
-119.312
-119.189
-119.53
-119.606
-118.975
-119.354
-119.241
-119.246
-119.294
-119.331
-118.999
-119.303
-119.046
-119.182
-119.387
-119.476
-119.361
-119.43
-118.868
-119.625
-119.544
-119.349
-119.15
-119.253
-119.239
-119.573
-119.379
-119.231
-118.999
-119.189
-119.467
-119.493
-119.367
-118.951
-119.227
-119.195
-119.587
-119.387
-119.312
-119.376
-119.343
-119.563
-119.505
-119.303
-119.612
-119.069
-119.275
-119.364
-119.286
-119.505
-119.291
-118.994
-119.339
-119.487
-118.949
-119.418
-119.247
-119.079
-119.208
-119.173
-119.121
-118.981
-119.151
-119.212
-119.144
-119.125
-119.308
-119.113
-119.472
-119.191
-118.693
-119.289
-119.443
-119.139
-118.779
-119.318
-119.45
-119.237
-118.721
-119.064
-119.203
-119.05
-119.273
-119.167
-119.03
-119.044
-119.296
-119.015
-119.066
-119.128
-118.971
-119.226
-119.454
-119.074
-118.878
-119.494
-119.436
-118.986
-119.156
-119.306
-119.259
-119.233
-119.295
-119.074
-119.089
-119.452
-119.446
-118.724
-119.17
-119.507
-119.366
-119.219
-118.856
-119.138
-119.266
-119.235
-119.455
-118.505
-119.56
-119.516
-119.018
-118.731
-119.486
-119.273
-119.17
-118.969
-119.051
-119.343
-118.987
-119.061
-118.93
-119.344
-119.327
-119.22
-119.05
-119.034
-119.151
-119.133
-119.167
-119.549
-119.082
-119.122
-119.575
-119.385
-119.031
-119.34
-119.212
-119.311
-119.259
-119.201
-119.11
-119.013
-119.114
-119.192
-119.107
-118.945
-119.021
-119.285
-119.191
-118.972
-119.356
-119.459
-118.919
-119.178
-119.053
-119.089
-119.208
-119.188
-119.01
-118.956
-119.585
-119.202
-119.394
-119.28
-118.738
-119.226
-119.134
-119.421
-119.038
-118.987
-119.608
-118.335
-119.226
-118.92
-118.918
-118.778
-118.932
-119.217
-118.92
-118.974
-118.506
-119.311
-119.006
-119.05
-118.814
-119.165
-118.854
-119.435
-119.057
-118.702
-119.167
-119.174
-118.734
-119.34
-119.257
-119.133
-119.022
-119.049
-119.243
-118.769
-119.085
-119.036
-119.186
-119.13
-118.931
-118.96
-118.833
-119.226
-119.187
-119.139
-119.666
-118.677
-118.382
-118.614
-118.752
-118.422
-118.515
-118.468
-118.541
-118.198
-118.533
-118.47
-118.353
-118.143
-118.585
-118.367
-118.493
-118.093
-118.418
-118.582
-118.469
-118.173
-118.389
-118.63
-118.648
-118.456
-118.19
-118.279
-118.87
-118.561
-118.41
-118.274
-118.138
-118.467
-118.339
-118.328
-118.333
-118.375
-118.135
-118.366
-118.426
-118.227
-118.171
-118.433
-118.308
-118.305
-118.317
-118.232
-118.315
-118.33
-118.446
-118.408
-118.265
-118.355
-118.699
-118.246
-118.466
-118.453
-118.85
-118.278
-118.262
-118.488
-118.761
-118.483
-118.35
-118.396
-118.706
-118.349
-118.548
-118.433
-118.58
-118.371
-118.584
-118.586
-118.214
-118.511
-118.777
-118.6
-118.294
-118.399
-118.714
-118.708
-118.798
-118.3
-118.372
-118.924
-118.543
-118.225
-118.612
-118.133
-118.7
-118.486
-118.483
-118.165
-118.546
-118.365
-118.49
-118.643
-117.931
-118.563
-118.609
-118.545
-118.542
-118.06
-118.601
-118.38
-118.419
-118.52
-118.053
-118.682
-118.442
-118.531
-118.284
-118.342
-118.411
-118.247
-118.477
-118.432
-118.325
-118.262
-118.501
-118.732
-118.417
-118.017
-118.713
-118.507
-118.278
-118.459
-118.568
-118.552
-118.101
-118.304
-118.41
-118.387
-118.561
-118.344
-118.142
-118.442
-118.33
-118.523
-118.427
-118.187
-118.433
-118.668
-118.24
-118.38
-118.606
-118.613
-118.143
-118.747
-118.242
-118.39
-118.193
-118.271
-118.534
-118.573
-117.982
-118.506
-118.333
-118.396
-118.296
-118.161
-118.163
-118.359
-118.212
-118.384
-118.238
-118.264
-118.345
-118.238
-118.427
-118.434
-118.907
-117.689
-118.333
-117.778
-118.673
-118.406
-118.156
-117.956
-118.351
-118.397
-118.004
-118.184
-118.33
-118.181
-118.561
-117.596
-118.548
-118.397
-118.241
-118.257
-118.085
-118.285
-118.33
-118.224
-117.971
-118.543
-118.306
-117.93
-118.274
-118.341
-118.136
-118.216
-118.138
-118.145
-118.311
-118.225
-118.143
-118.283
-118.187
-118.085
-118.385
-118.1
-118.255
-118.282
-118.429
-118.048
-118.533
-118.333
-117.968
-118.538
-118.199
-118.232
-118.122
-118.362
-118.382
-118.001
-118.253
-118.133
-118.251
-118.492
-118.14
-118.031
-118.403
-118.562
-118.026
-117.995
-118.224
-118.17
-118.25
-118.537
-118.232
-118.205
-118.435
-118.437
-118.419
-118.122
-118.257
-118.113
-118.061
-118.435
-118.046
-118.184
-118.181
-117.987
-118.031
-118
-118.149
-118.193
-118.016
-117.977
-118.244
-117.927
-118.128
-117.968
-118.223
-118.149
-117.879
-117.935
-118.088
-118.119
-117.969
-118.088
-118.251
-118.148
-117.814
-117.992
-118.351
-118.103
-118.335
-118.694
-117.756
-117.298
-118.087
-118.262
-117.687
-117.792
-118.108
-117.357
-118.15
-117.553
-117.897
-117.662
-117.613
-118.033
-117.548
-117.491
-117.731
-117.611
-117.704
-117.63
-117.684
-117.617
-117.751
-117.643
-117.842
-117.761
-117.751
-118.038
-117.743
-118.547
-116.74
-117.231
-116.667
-117.202
-116.848
-116.732
-117.052
-116.817
-116.644
-116.781
-116.936
-116.637
-116.774
-117.002
-116.53
-117.178
-116.941
-116.965
-116.767
-116.689
-117.135
-117.096
-116.876
-116.932
-116.489
-117.093
-117.066
-116.683
-116.826
-116.826
-116.797
-116.723
-116.89
-116.855
-117.065
-116.352
-117.139
-116.844
-116.905
-116.768
-116.796
-117.094
-116.844
-116.396
-117.241
-116.98
-116.59
-116.881
-116.784
-116.878
-116.728
-116.797
-116.935
-116.714
-116.968
-117.032
-116.757
-116.935
-117.242
-117.47
-116.152
-117.559
-116.996
-116.976
-117.088
-116.965
-116.886
-117.008
-116.784
-116.994
-116.897
-116.956
-116.93
-116.699
-116.979
-116.959
-116.605
-116.971
-117.16
-116.998
-116.597
-117.168
-116.952
-116.973
-117.219
-116.375
-117.134
-117.199
-116.831
-116.775
-116.647
-116.849
-116.952
-116.756
-117.009
-116.746
-116.637
-116.734
-116.839
-116.765
-116.634
-116.817
-116.898
-116.695
-116.693
-116.855
-116.86
-116.744
-116.751
-116.672
-116.68
-116.756
-116.753
-116.701
-116.833
-116.816
-116.615
-116.806
-117.189
-117.231
-116.45
-117.1
-117.665
-116.313
-117.178
-117.176
-116.638
-117.098
-116.976
-116.563
-116.889
-116.988
-116.663
-116.663
-116.796
-116.857
-116.765
-116.875
-116.777
-116.749
-117.053
-116.719
-116.944
-116.973
-116.871
-116.908
-117.002
-116.662
-116.929
-117.093
-116.855
-116.587
-116.995
-116.92
-116.795
-116.628
-116.812
-117.142
-116.969
-116.609
-116.879
-116.864
-116.909
-116.844
-117.014
-116.886
-116.543
-117.101
-117.07
-116.695
-116.699
-117.241
-117.017
-116.773
-116.467
-117.167
-116.915
-116.5
-116.524
-116.99
-116.947
-116.119
-116.959
-116.848
-116.613
-116.616
-116.691
-116.718
-116.789
-116.475
-116.794
-116.617
-116.95
-116.725
-116.578
-116.721
-116.703
-116.833
-116.76
-116.548
-116.626
-116.993
-116.947
-116.191
-116.741
-117.01
-116.671
-116.653
-116.737
-116.664
-116.538
-116.77
-116.638
-116.812
-116.746
-116.774
-116.627
-116.755
-116.849
-116.616
-116.976
-116.815
-116.574
-116.666
-116.9
-116.868
-116.488
-116.829
-116.681
-116.709
-116.584
-116.411
-116.699
-116.692
-116.791
-116.482
-116.386
-116.635
-116.7
-116.6
-116.635
-116.587
-116.723
-116.455
-116.746
-116.727
-116.626
-116.674
-116.452
-116.657
-116.929
-116.736
-116.932
-115.813
-116.341
-116.016
-115.973
-115.674
-115.928
-115.974
-115.922
-115.97
-115.922
-115.651
-116.105
-116.01
-116.018
-116.276
-116.058
-115.658
-115.985
-115.975
-115.924
-116.027
-116.006
-115.712
-115.907
-116.109
-116.061
-115.823
-115.78
-115.819
-116.08
-116.061
-115.74
-115.996
-116.032
-115.885
-115.994
-115.886
-116.124
-116.075
-115.39
-116.257
-116.273
-115.482
-116.287
-116
-115.981
-115.861
-115.868
-116.089
-115.829
-115.824
-115.955
-115.864
-115.687
-115.819
-115.871
-115.961
-115.863
-115.832
-115.906
-115.96
-116.014
-115.804
-116.005
-116.144
-115.885
-115.94
-116.041
-116.101
-115.67
-115.807
-115.825
-115.952
-115.953
-115.888
-115.947
-115.804
-115.813
-115.983
-116.059
-115.87
-116.103
-116.092
-115.913
-116.084
-116.121
-116.009
-116.359
-115.847
-115.799
-116.323
-116.198
-115.846
-116.184
-115.919
-115.923
-115.973
-116.095
-115.87
-115.748
-115.893
-116
-115.737
-116.006
-116.047
-115.926
-116.096
-115.751
-115.949
-116.234
-115.781
-116.216
-116.071
-115.805
-115.94
-115.976
-115.986
-115.999
-116.107
-116.052
-115.708
-116.119
-116.057
-116.04
-115.973
-115.937
-115.814
-116.099
-116.003
-115.803
-116.059
-116.101
-115.898
-115.865
-116.098
-116.055
-115.996
-116.027
-116.016
-116.049
-115.923
-116.045
-116.03
-115.991
-115.97
-116.087
-116.073
-116.048
-116.32
-115.825
-116.166
-116.108
-115.936
-116.375
-115.641
-116.417
-116.117
-116.039
-116.178
-116.182
-116.118
-116.207
-116.142
-115.989
-116.014
-116.096
-116.223
-116.022
-116.039
-116.139
-116.226
-115.965
-116.039
-116.279
-116.28
-116.034
-116.19
-116.168
-116.2
-116.037
-116.261
-116.176
-116.051
-116.25
-116.354
-116.016
-116.094
-116.232
-116.163
-115.814
-116.328
-116.065
-116.099
-116.033
-116.241
-115.766
-116.196
-116.374
-116.089
-115.948
-116.08
-116.059
-116.241
-116.206
-115.994
-116.328
-116.347
-115.875
-116.344
-116.039
-116.303
-116.148
-116.108
-116.269
-116.2
-116.047
-116.175
-116.077
-116.169
-116.145
-115.991
-116.156
-116.296
-116.32
-115.783
-116.329
-116.037
-116.514
-116.025
-116.218
-116.208
-116.224
-116.198
-116.176
-115.936
-116.182
-116.252
-116.098
-115.829
-116.095
-116.173
-116.062
-116.033
-116.041
-116.033
-116.105
-116.032
-116.05
-116.092
-116.152
-115.963
-115.945
-116.36
-116.272
-115.921
-116.363
-116.301
-115.937
-116.426
-116.295
-116.316
-115.996
-116.163
-116.162
-116.163
-116.352
-116.035
-116.287
-116.112
-116.222
-116.076
-116.084
-116.311
-116.08
-116.19
-116.16
-116.246
-116.32
-116.107
-116.071
-116.164
-116.349
-116.083
-116.145
-116.327
-115.787
-116.146
-115.866
-116.279
-116.136
-116.03
-116.068
-116.007
-116.009
-116.026
-116.19
-116.155
-116.07
-115.972
-116.213
-116.104
-116.151
-116.136
-116.175
-116.174
-116.038
-116.175
-116.27
-115.78
-116.242
-116.293
-115.933
-116.088
-116.1
-116
-115.836
-116.147
-116.235
-116.132
-115.927
-115.821
-116.487
-116.446
-115.822
-116.223
-116.498
-116.224
-116.032
-116.217
-116.529
-115.317
-115.979
-115.557
-115.594
-115.793
-115.751
-115.53
-115.525
-115.629
-115.663
-115.725
-115.763
-115.819
-115.542
-115.812
-115.819
-115.964
-115.276
-116.101
-115.893
-115.431
-115.819
-115.725
-115.725
-115.895
-115.641
-115.561
-115.665
-115.761
-115.611
-115.558
-115.699
-115.685
-115.602
-115.543
-115.66
-115.685
-115.757
-115.728
-115.65
-115.749
-115.765
-115.506
-115.897
-116.02
-115.381
-115.589
-115.881
-115.762
-115.354
-115.797
-115.788
-115.464
-115.85
-115.855
-115.505
-115.638
-115.65
-115.916
-115.926
-115.401
-115.988
-115.743
-115.756
-115.674
-115.665
-115.693
-115.573
-115.594
-115.689
-115.621
-115.553
-115.664
-115.7
-115.652
-115.597
-115.734
-115.682
-115.645
-115.629
-115.675
-115.811
-115.874
-115.657
-115.5
-115.976
-115.974
-115.603
-115.653
-115.703
-116.278
-115.131
-115.909
-115.726
-115.688
-115.663
-115.754
-115.855
-115.58
-115.579
-115.749
-115.763
-115.776
-115.824
-115.435
-115.76
-115.602
-115.459
-115.704
-115.787
-115.668
-115.518
-115.642
-115.652
-115.5
-115.693
-115.896
-115.685
-115.686
-115.414
-115.9
-115.833
-115.553
-115.761
-115.813
-115.804
-115.895
-115.718
-115.597
-115.915
-116.001
-115.667
-115.626
-115.849
-115.636
-115.543
-115.755
-115.835
-115.724
-115.52
-115.651
-115.676
-115.833
-115.624
-115.615
-115.669
-115.614
-115.774
-115.863
-115.663
-115.689
-116.027
-115.675
-115.908
-116.127
-115.475
-115.916
-116.162
-115.454
-115.641
-115.902
-115.87
-115.388
-115.447
-115.687
-115.594
-115.516
-115.534
-115.608
-115.65
-115.557
-115.352
-115.612
-115.766
-115.534
-115.551
-115.755
-115.653
-115.667
-115.427
-115.853
-116.033
-115.316
-115.624
-115.955
-115.73
-115.622
-115.372
-115.822
-115.815
-115.738
-115.918
-115.65
-115.701
-115.721
-115.697
-115.583
-115.886
-115.92
-115.811
-115.635
-115.642
-115.777
-115.648
-115.663
-115.9
-115.666
-115.439
-115.905
-115.598
-115.683
-115.873
-115.785
-115.548
-115.877
-115.634
-115.863
-115.846
-115.576
-115.668
-115.596
-115.727
-115.478
-115.585
-115.792
-115.673
-115.567
-115.854
-115.474
-115.544
-115.663
-115.708
-115.717
-115.637
-115.511
-115.848
-115.679
-115.634
-115.717
-115.546
-115.769
-115.651
-115.442
-115.738
-115.859
-115.616
-115.66
-115.651
-115.878
-115.957
-115.871
-115.262
-116.067
-115.73
-115.636
-115.904
-115.708
-115.619
-115.503
-115.305
-115.715
-115.794
-115.641
-115.419
-115.57
-115.602
-115.699
-115.625
-115.763
-115.496
-115.511
-115.607
-115.845
-115.936
-115.539
-115.668
-115.576
-115.507
-115.712
-115.717
-115.537
-115.369
-115.728
-115.74
-115.69
-115.587
-115.468
-115.709
-115.703
-115.538
-115.782
-115.789
-115.52
-115.645
-115.875
-115.642
-115.513
-115.93
-115.765
-115.487
-115.484
-115.507
-115.548
-115.567
-115.645
-115.556
-115.471
-115.652
-115.619
-115.543
-115.728
-115.611
-115.636
-115.761
-115.596
-115.604
-115.791
-115.463
-115.324
-115.718
-115.585
-115.561
-115.619
-115.623
-115.508
-115.471
-115.807
-115.556
-115.556
-115.591
-115.541
-115.798
-115.703
-115.231
-115.641
-115.732
-115.597
-115.403
-115.389
-115.894
-115.414
-115.517
-115.496
-115.596
-115.629
-115.53
-115.602
-115.453
-115.526
-115.742
-115.635
-115.51
-115.681
-115.575
-115.413
-115.754
-115.49
-115.682
-115.542
-115.77
-115.5
-115.419
-115.678
-115.6
-115.595
-115.381
-115.434
-115.594
-115.608
-115.418
-115.644
-115.487
-115.49
-115.702
-115.557
-115.657
-115.573
-115.656
-115.708
-115.844
-115.474
-115.637
-115.883
-115.758
-115.46
-115.551
-115.757
-115.574
-115.579
-115.568
-115.608
-115.498
-115.822
-116.12
-114.968
-116.05
-115.738
-115.51
-115.825
-115.81
-115.473
-115.73
-115.732
-115.577
-115.47
-115.819
-115.835
-115.416
-115.722
-115.665
-115.55
-115.986
-115.648
-115.535
-115.61
-115.779
-115.593
-115.519
-115.679
-115.606
-115.6
-115.625
-115.634
-115.386
-115.67
-115.852
-115.651
-115.274
-115.75
-115.944
-115.953
-115.416
-115.726
-115.997
-115.441
-115.812
-115.906
-115.883
-115.77
-115.944
-115.173
-115.964
-115.709
-115.551
-115.792
-115.707
-115.746
-115.427
-115.555
-116.089
-115.815
-115.568
-115.484
-115.759
-115.583
-115.599
-115.917
-115.771
-115.399
-115.797
-115.757
-115.416
-115.863
-115.816
-115.637
-115.693
-115.584
-115.907
-115.941
-115.311
-115.884
-115.948
-115.547
-115.806
-115.891
-115.464
-115.755
-115.673
-115.748
-115.731
-115.613
-115.56
-115.733
-115.748
-115.556
-115.459
-115.927
-115.722
-115.844
-115.849
-115.662
-115.669
-115.609
-115.927
-115.801
-115.686
-115.518
-115.763
-115.853
-115.792
-115.636
-115.671
-115.518
-115.725
-116.024
-115.656
-115.56
-115.779
-115.926
-115.537
-115.86
-115.659
-115.65
-115.979
-115.824
-115.424
-115.681
-115.831
-115.617
-115.667
-115.609
-115.752
-115.679
-115.529
-115.767
-115.663
-115.73
-115.648
-115.888
-115.542
-115.733
-115.745
-115.68
-115.604
-115.875
-115.684
-115.64
-115.75
-115.661
-115.47
-115.97
-115.663
-115.67
-115.819
-115.509
-115.57
-115.798
-116.125
-115.175
-116.083
-114.911
-115.597
-114.835
-115.059
-115.12
-115.152
-114.875
-115.017
-115.194
-115.208
-114.955
-114.812
-115.342
-115.214
-115.067
-115.222
-115.004
-114.991
-115.265
-114.96
-115.152
-115.293
-115.003
-114.757
-115.206
-115.233
-114.95
-115.051
-114.93
-115.127
-115.061
-115.084
-115.086
-114.943
-114.992
-115.315
-114.926
-114.998
-115.098
-115.211
-115.186
-115.105
-115.102
-115.273
-114.876
-115.193
-115.086
-115.091
-114.994
-115.072
-115.095
-114.718
-115.317
-115.091
-114.952
-114.984
-114.929
-115.135
-115.155
-114.814
-114.954
-115.194
-115.149
-114.973
-115.223
-114.991
-114.838
-115.051
-115.258
-115.126
-114.561
-115.257
-115.203
-114.996
-114.805
-115.025
-115.141
-115.052
-114.947
-115.026
-114.811
-114.986
-115.052
-115.17
-115.021
-115.084
-114.875
-114.96
-114.953
-115.111
-115.117
-114.69
-114.991
-114.945
-114.888
-114.824
-115.078
-115.077
-114.827
-114.936
-115.226
-114.946
-114.923
-115.079
-115.092
-114.994
-114.856
-115.04
-115.158
-115.228
-114.622
-115.361
-115.018
-114.794
-114.944
-114.969
-114.868
-114.941
-115.006
-114.803
-114.881
-114.899
-114.867
-115.215
-114.768
-114.935
-115.301
-114.798
-114.903
-114.89
-115.089
-114.902
-114.948
-115.168
-114.773
-115.009
-115.038
-115.336
-114.93
-114.905
-115.011
-114.898
-114.894
-115.079
-114.97
-114.77
-114.8
-114.868
-114.804
-114.946
-115.031
-115.015
-114.722
-114.666
-115.102
-115.029
-115.144
-115.336
-114.862
-115.042
-115.131
-115.096
-114.927
-115.35
-115.156
-114.741
-115.134
-115.072
-115.005
-115.157
-114.8
-114.846
-115.098
-114.896
-114.893
-114.947
-115.016
-114.809
-114.749
-114.852
-114.945
-115.053
-115.008
-114.525
-115.181
-115.124
-114.873
-114.902
-115.25
-114.896
-114.845
-115.277
-115.008
-114.799
-115.114
-115.107
-115.239
-114.859
-115.075
-114.815
-114.886
-115.04
-115.004
-114.997
-115.11
-114.851
-114.813
-115.05
-115.038
-114.97
-114.816
-115.084
-114.992
-114.844
-114.956
-115
-115.255
-114.677
-115.136
-114.957
-114.985
-115.122
-114.84
-114.918
-115.251
-114.786
-115.016
-115.1
-115.204
-114.881
-115.244
-114.993
-114.827
-115.241
-115.12
-115.055
-115.189
-114.429
-115.107
-115.121
-114.944
-114.945
-114.967
-115.018
-115.169
-115.155
-114.823
-114.953
-115.056
-115.455
-115.145
-114.851
-115.012
-115.042
-115.139
-114.97
-114.86
-115.023
-115.207
-114.968
-114.867
-114.883
-114.961
-114.986
-114.905
-115.162
-115.174
-114.606
-115.383
-114.496
-114.826
-115.313
-114.762
-114.225
-114.974
-114.801
-114.466
-114.71
-114.802
-114.539
-114.687
-114.657
-114.583
-114.848
-114.671
-114.676
-114.69
-114.614
-114.518
-114.762
-114.809
-114.798
-114.455
-114.631
-114.572
-114.5
-114.574
-114.733
-114.694
-114.772
-114.519
-114.517
-114.611
-114.629
-114.724
-114.806
-114.711
-114.679
-114.508
-114.61
-114.756
-114.792
-114.643
-114.814
-115.059
-114.695
-114.402
-115.018
-115.03
-114.708
-114.461
-114.977
-114.558
-114.637
-114.984
-114.693
-114.5
-114.8
-114.64
-114.511
-114.819
-114.745
-114.601
-114.531
-114.789
-114.557
-114.804
-114.825
-114.568
-114.876
-114.951
-114.234
-114.866
-114.743
-114.829
-114.857
-114.342
-114.748
-114.947
-114.663
-114.681
-114.857
-114.635
-114.512
-114.788
-114.733
-114.725
-114.648
-114.52
-114.868
-114.562
-114.493
-114.758
-114.88
-114.625
-114.533
-114.718
-114.599
-114.495
-114.764
-114.566
-114.583
-114.793
-114.548
-114.617
-114.627
-114.518
-114.696
-114.799
-114.846
-114.629
-114.819
-114.818
-114.609
-114.893
-114.704
-114.651
-114.73
-115.007
-114.619
-114.321
-114.838
-114.898
-114.491
-114.764
-114.578
-114.676
-114.766
-114.689
-114.434
-114.62
-114.795
-114.81
-114.684
-114.912
-113.522
-114.804
-114.585
-114.61
-114.122
-114.679
-114.563
-114.399
-114.606
-114.715
-114.452
-114.407
-114.43
-114.597
-114.566
-114.358
-114.422
-114.474
-114.581
-114.546
-114.392
-114.55
-114.528
-114.452
-114.427
-114.804
-114.56
-114.525
-114.473
-114.768
-114.647
-114.488
-114.664
-114.605
-114.642
-114.732
-114.271
-114.477
-114.7
-114.378
-114.567
-114.267
-114.447
-114.46
-114.461
-114.572
-114.267
-114.347
-114.687
-114.496
-114.555
-114.624
-114.416
-114.62
-114.531
-114.576
-114.367
-114.444
-114.468
-114.401
-114.415
-114.439
-114.35
-114.356
-114.337
-114.401
-114.466
-114.388
-114.211
-114.631
-114.352
-114.407
-114.407
-114.411
-114.477
-114.491
-114.323
-114.542
-114.433
-114.482
-114.392
-114.483
-114.55
-114.503
-114.183
-114.504
-114.554
-114.511
-114.442
-114.432
-114.393
-114.282
-114.537
-114.529
-114.368
-114.526
-114.739
-114.389
-114.671
-114.37
-114.531
-114.563
-114.772
-114.793
-114.127
-114.524
-114.52
-114.634
-114.573
-114.535
-114.558
-114.59
-114.404
-114.628
-114.405
-114.204
-114.475
-114.466
-114.427
-114.383
-114.211
-114.481
-114.665
-114.389
-114.157
-114.714
-114.758
-113.861
-114.526
-114.539
-114.532
-114.234
-114.394
-113.901
-114.625
-114.267
-114.226
-114.23
-114.232
-114.323
-114.417
-114.095
-114.275
-114.816
-114.666
-114.157
-114.355
-114.762
-114.696
-114.183
-114.463
-114.534
-114.504
-114.121
-114.505
-114.706
-114.21
-114.252
-114.503
-114.338
-114.365
-114.229
-114.421
-114.249
-114.326
-114.458
-114.279
-114.158
-114.244
-114.389
-114.216
-114.367
-114.475
-114.397
-114.378
-114.556
-114.359
-114.25
-114.453
-114.423
-114.244
-114.616
-114.237
-114.212
-114.167
-114.368
-114.493
-114.212
-114.274
-114.237
-114.416
-114.564
-113.97
-114.153
-114.724
-114.49
-114.153
-114.43
-114.502
-114.562
-114.506
-114.102
-114.379
-114.54
-114.397
-114.275
-114.473
-114.307
-114.326
-114.391
-114.088
-114.378
-114.411
-114.335
-113.969
-114.515
-114.463
-114.33
-114.284
-114.219
-114.436
-114.533
-114.251
-114.498
-114.687
-113.925
-114.518
-114.539
-114.377
-114.465
-114.492
-114.272
-114.18
-114.47
-114.622
-114.365
-114.308
-114.552
-114.378
-114.408
-114.366
-114.408
-114.635
-114.026
-115.005
-114.756
-114.338
-114.503
-114.504
-114.302
-114.614
-114.633
-114.496
-114.324
-114.534
-114.549
-114.563
-114.494
-114.336
-114.764
-114.472
-114.539
-114.615
-114.33
-114.485
-114.554
-114.629
-114.325
-114.263
-114.474
-114.716
-114.408
-114.359
-114.592
-114.528
-114.441
-114.329
-114.47
-114.7
-114.495
-114.363
-114.518
-114.582
-114.807
-114.501
-114.104
-114.647
-114.521
-114.498
-114.444
-114.431
-114.423
-114.486
-114.189
-114.391
-114.658
-114.524
-114.29
-114.517
-114.689
-114.262
-114.475
-114.557
-114.591
-114.352
-114.566
-114.549
-114.68
-114.408
-114.487
-114.609
-114.44
-114.358
-114.57
-114.617
-114.373
-114.364
-114.426
-114.418
-114.266
-114.4
-114.488
-114.484
-114.224
-114.472
-114.56
-114.457
-114.432
-114.772
-114.192
-114.416
-114.758
-114.487
-114.283
-114.511
-114.427
-114.231
-114.302
-114.403
-114.309
-114.355
-114.426
-114.418
-114.254
-114.263
-114.339
-114.371
-114.536
-114.18
-114.684
-114.185
-114.722
-114.429
-114.296
-114.467
-114.432
-114.687
-114.578
-114.146
-114.345
-114.58
-114.451
-114.373
-114.328
-114.504
-114.39
-114.165
-114.469
-114.61
-114.387
-114.127
-114.514
-114.583
-114.352
-114.31
-114.353
-114.478
-114.507
-114.311
-114.446
-114.481
-114.472
-114.256
-114.523
-114.39
-114.4
-114.421
-114.421
-114.474
-114.305
-114.26
-114.416
-114.357
-114.362
-114.416
-114.243
-114.474
-114.356
-114.405
-114.506
-114.593
-114.423
-114.186
-114.816
-114.62
-114.382
-114.846
-114.314
-114.665
-114.662
-114.404
-114.605
-114.506
-114.661
-114.414
-114.461
-114.466
-114.358
-114.438
-114.545
-114.351
-114.453
-114.431
-114.331
-114.408
-114.427
-114.384
-114.436
-114.41
-114.293
-114.384
-114.496
-114.448
-114.377
-114.481
-114.528
-114.462
-114.605
-114.247
-114.456
-114.614
-114.477
-114.494
-114.251
-114.483
-114.564
-114.346
-114.666
-114.645
-114.584
-114.323
-114.592
-114.617
-114.429
-114.41
-114.46
-114.453
-114.418
-114.548
-114.59
-114.567
-114.221
-114.377
-114.538
-114.614
-114.496
-114.287
-114.758
-114.657
-114.06
-114.787
-114.797
-114.481
-114.676
-114.323
-114.609
-114.746
-114.516
-114.296
-114.688
-114.42
-114.651
-114.638
-114.577
-114.443
-114.499
-114.599
-114.576
-114.526
-114.706
-114.415
-114.54
-114.734
-114.709
-114.706
-114.483
-114.529
-114.527
-114.791
-114.564
-114.522
-114.74
-114.822
-114.682
-114.512
-114.507
-114.457
-114.814
-114.727
-114.453
-114.234
-114.656
-114.561
-114.501
-114.429
-114.39
-114.589
-114.506
-114.552
-114.544
-114.635
-114.171
-114.592
-114.469
-114.552
-114.369
-114.384
-114.415
-114.288
-114.545
-114.471
-114.396
-114.414
-114.476
-114.561
-114.329
-114.666
-114.846
-113.954
-114.572
-114.562
-114.08
-114.215
-114.706
-114.404
-113.738
-114.299
-114.294
-113.873
-114.262
-114.01
-114.144
-114.153
-114.086
-114.179
-114.199
-113.741
-114.071
-114.399
-114.223
-114.185
-113.861
-114.175
-114.23
-114.198
-114.271
-114.2
-113.902
-114.348
-114.152
-114.103
-113.936
-114.165
-114.034
-114.001
-114.168
-114.061
-113.966
-113.867
-114.143
-114.149
-114.197
-113.635
-114.25
-114.351
-114.034
-114.053
-114.141
-114.282
-114.277
-113.985
-114.586
-114.217
-113.989
-114.173
-113.591
-113.924
-114.187
-113.857
-113.809
-113.76
-113.867
-113.944
-113.592
-113.712
-113.755
-113.81
-113.682
-113.811
-113.811
-113.851
-113.969
-113.537
-113.911
-114.136
-113.767
-113.898
-114.089
-113.872
-113.852
-114.015
-113.874
-114.038
-113.828
-113.843
-114.001
-113.729
-114.014
-114.009
-113.555
-113.94
-114.192
-113.984
-113.89
-113.97
-113.814
-113.745
-113.867
-113.868
-113.793
-113.715
-113.817
-113.774
-113.756
-113.794
-113.802
-113.879
-113.832
-113.918
-114.087
-113.669
-113.935
-114.144
-113.9
-113.737
-113.964
-113.877
-113.928
-114.002
-113.704
-113.824
-113.975
-113.848
-114.1
-113.803
-113.755
-113.846
-113.883
-113.85
-113.965
-113.87
-113.463
-113.928
-113.958
-113.831
-113.659
-113.782
-113.829
-113.868
-113.67
-113.827
-113.963
-113.955
-113.775
-113.814
-113.95
-113.953
-114.074
-113.878
-113.877
-113.952
-114.262
-114.016
-114.076
-114.373
-113.86
-113.872
-114.062
-114.06
-113.927
-113.851
-114.227
-113.85
-113.946
-113.92
-113.882
-113.973
-113.84
-114.039
-114.055
-113.938
-113.884
-113.96
-113.921
-113.847
-114.09
-114.126
-113.794
-113.922
-113.927
-113.889
-113.887
-114.004
-114.02
-113.874
-113.862
-114.344
-113.447
-114.315
-113.75
-114.01
-114.114
-114.199
-113.711
-113.965
-114.144
-113.881
-113.825
-113.966
-113.804
-113.859
-113.976
-113.887
-113.927
-113.947
-113.804
-114.019
-114.052
-113.893
-114.014
-114.008
-114.184
-113.888
-113.897
-113.999
-114.133
-114.002
-114.089
-113.644
-113.93
-113.969
-113.873
-113.955
-113.898
-113.574
-113.976
-113.978
-113.905
-114.024
-113.85
-113.724
-114.257
-114.169
-113.552
-114.088
-114.076
-113.984
-113.741
-114.276
-113.829
-113.891
-113.963
-114.124
-113.618
-114.444
-113.979
-113.854
-114.075
-114.199
-114.045
-114.03
-114.163
-113.845
-114.248
-114.204
-114.098
-113.983
-114.094
-113.897
-114.363
-114.231
-114.025
-114.297
-114.203
-113.877
-114.429
-114.234
-114.134
-114.4
-114.045
-114.153
-114.218
-114.121
-114.451
-114.082
-113.881
-114.101
-114.09
-114.186
-114.123
-113.972
-114.114
-114.151
-113.829
-114.292
-114.207
-114.003
-114.374
-114.154
-114.167
-114.056
-114.128
-113.998
-114.509
-114.099
-114.265
-114.434
-114.257
-113.963
-114.453
-114.351
-114.26
-114.399
-114.265
-114.105
-114.507
-114.29
-114.173
-114.48
-114.268
-114.476
-114.1
-114.261
-114.464
-114.405
-114.333
-114.136
-114.079
-114.383
-114.5
-114.049
-114.484
-114.364
-114.444
-114.029
-114.062
-114.39
-114.351
-114.287
-114.365
-113.872
-114.321
-114.049
-114.28
-114.289
-113.983
-114.305
-114.167
-114.062
-114.393
-114.071
-114.319
-114.205
-114.049
-114.245
-114.276
-114.093
-114.143
-114.451
-113.758
-114.252
-114.34
-114.159
-113.98
-114.181
-113.973
-114.091
-114.208
-114.116
-114.062
-114.082
-114.228
-114.003
-114.326
-114.143
-113.95
-114.167
-114.111
-114.298
-114.2
-114.191
-114.139
-114.407
-114.165
-114.211
-114.048
-114.092
-114.186
-114.53
-113.726
-114.199
-114.22
-114.092
-114.022
-114.055
-113.973
-114.047
-114.192
-113.942
-113.896
-114.201
-114.251
-113.98
-114.005
-114.199
-114.151
-113.979
-114.155
-114.279
-114.082
-114.064
-114.137
-114.209
-114.25
-114.276
-113.995
-114.343
-114.078
-113.997
-114.023
-114.348
-114.142
-114.328
-114.269
-113.875
-114.105
-114.096
-114.23
-114.128
-114.225
-114
-114.206
-114.164
-114.035
-114.345
-113.903
-113.969
-114.259
-114.125
-113.9
-114.222
-113.98
-114.136
-113.925
-113.817
-114.008
-114.064
-113.949
-113.905
-113.904
-114.022
-114.042
-114.113
-114.121
-113.931
-113.988
-113.974
-113.939
-113.88
-114.057
-113.969
-113.884
-113.888
-113.972
-113.955
-113.938
-113.903
-113.992
-113.962
-113.976
-113.966
-113.955
-114.014
-113.949
-114.078
-113.995
-114.023
-114.075
-113.904
-114.195
-114.088
-114.017
-114.047
-114.139
-114.118
-113.77
-114.343
-113.934
-114.105
-113.998
-114.057
-114.118
-113.933
-113.85
-113.994
-114.008
-114.178
-114.07
-113.836
-114.318
-114.022
-114.093
-114.518
-113.682
-114.106
-114.213
-114.117
-114.05
-114.17
-114.23
-114.133
-114.017
-114.124
-114.438
-114.094
-113.883
-114.493
-114.218
-113.946
-114.329
-114.254
-113.988
-114.175
-114.196
-114.118
-114.04
-114.171
-113.875
-114.284
-114.302
-113.787
-114.246
-113.838
-113.838
-113.984
-114.122
-113.867
-114.099
-114.254
-114.041
-113.715
-114.294
-114.205
-113.949
-114.245
-113.964
-113.752
-114.198
-114.103
-113.982
-114.03
-114.074
-113.997
-113.875
-114.219
-114.148
-113.937
-113.758
-114.182
-114.076
-113.846
-113.928
-114.044
-114.018
-114
-114.182
-113.827
-114.223
-114.143
-113.831
-114.38
-114.429
-113.578
-114.016
-114.069
-113.941
-113.942
-114.079
-113.663
-113.937
-114.064
-113.764
-113.862
-113.939
-113.987
-114.034
-113.652
-114.067
-114.041
-113.948
-113.75
-114.086
-114.199
-113.587
-114.093
-114.171
-113.87
-113.815
-114.086
-114.09
-113.814
-113.8
-113.893
-114.064
-113.842
-113.764
-113.918
-114.068
-114.152
-113.488
-113.915
-113.991
-113.984
-114.147
-113.691
-113.902
-114.323
-113.818
-114.135
-113.855
-114.086
-114.023
-114.029
-113.962
-113.893
-114.099
-114.077
-114.032
-113.541
-114.135
-114.034
-113.972
-113.665
-114.023
-113.829
-113.837
-113.767
-114.014
-114.019
-113.938
-113.67
-113.903
-114.004
-114.06
-114.214
-113.306
-114.395
-113.956
-114.774
-113.982
-114.351
-114.491
-114.394
-114.184
-114.184
-114.439
-114.403
-114.454
-114.081
-114.235
-114.429
-114.31
-114.203
-114.44
-113.983
-114.405
-114.359
-114.236
-114.145
-114.177
-114.42
-114.213
-114.388
-114.177
-114.362
-114.526
-114.032
-114.353
-114.524
-114.456
-114.198
-114.293
-114.5
-114.342
-114.21
-114.442
-114.167
-114.232
-114.291
-114.51
-114.357
-114.231
-114.194
-114.522
-114.27
-114.223
-114.454
-114.409
-114.416
-114.324
-114.201
-114.575
-114.553
-114.154
-114.208
-114.357
-114.151
-114.349
-114.483
-114.17
-114.195
-114.429
-114.56
-114.148
-114.303
-114.455
-114.548
-114.345
-114.236
-114.516
-114.267
-114.335
-114.523
-114.288
-114.734
-114.233
-114.454
-114.308
-114.614
-114.44
-114.662
-114.189
-114.345
-114.215
-114.208
-114.372
-114.441
-114.363
-114.198
-114.296
-114.43
-114.287
-114.158
-114.47
-114.372
-114.127
-114.147
-114.423
-114.393
-114.014
-114.339
-114.493
-114.235
-114.38
-114.37
-114.253
-114.475
-114.41
-114.252
-114.474
-114.61
-114.098
-114.023
-114.628
-114.458
-114.24
-114.26
-114.204
-114.34
-114.25
-114.183
-114.315
-114.367
-114.36
-114.218
-114.438
-114.126
-114.52
-114.512
-114.014
-114.527
-114.795
-114.179
-114.298
-114.541
-114.673
-113.951
-114.283
-114.401
-114.382
-113.996
-114.372
-114.435
-114.074
-114.282
-114.487
-114.129
-114.064
-114.274
-114.085
-114.247
-114.247
-114.265
-114.29
-114.012
-114.295
-114.36
-114.283
-113.957
-114.545
-114.45
-114.103
-114.549
-114.43
-113.94
-114.449
-114.503
-114.393
-113.898
-114.843
-114.509
-114.101
-114.449
-114.373
-114.527
-114.239
-114.207
-114.616
-114.741
-114.439
-114.379
-114.173
-114.492
-114.96
-114.353
-114.717
-114.391
-114.647
-114.755
-114.499
-114.494
-114.587
-114.656
-114.494
-114.739
-114.671
-114.365
-114.384
-114.687
-114.71
-114.679
-114.577
-114.656
-114.671
-114.535
-114.633
-114.637
-114.718
-114.729
-114.579
-114.579
-114.798
-114.524
-114.432
-114.595
-114.657
-114.406
-114.723
-114.798
-114.435
-114.403
-114.881
-114.738
-114.339
-114.827
-114.546
-114.625
-114.685
-114.55
-114.445
-114.598
-114.534
-114.526
-114.604
-114.603
-114.538
-114.463
-114.368
-114.643
-114.526
-114.485
-114.552
-114.648
-114.6
-114.447
-114.275
-114.945
-114.641
-114.347
-114.226
-114.414
-114.639
-114.586
-114.596
-114.432
-114.462
-114.524
-114.626
-114.745
-114.367
-114.363
-114.885
-114.764
-114.303
-114.61
-114.665
-114.603
-114.394
-114.597
-114.66
-114.585
-114.349
-114.507
-114.767
-114.557
-114.416
-114.605
-114.575
-114.567
-114.632
-114.589
-114.433
-114.484
-114.631
-114.618
-114.484
-114.387
-114.476
-114.518
-114.603
-114.617
-114.44
-114.423
-114.584
-114.547
-114.411
-114.544
-114.559
-114.547
-114.536
-114.641
-114.639
-114.333
-114.556
-114.684
-114.609
-114.509
-114.573
-114.757
-114.297
-114.666
-114.94
-114.553
-114.452
-114.774
-114.814
-114.501
-114.509
-114.779
-114.411
-114.699
-114.718
-114.479
-114.666
-114.487
-114.368
-114.656
-114.63
-114.487
-114.598
-114.569
-114.53
-114.55
-114.61
-114.503
-114.525
-114.587
-114.638
-114.509
-114.644
-114.339
-114.654
-114.647
-114.478
-114.627
-114.584
-114.567
-114.601
-114.459
-114.598
-114.659
-114.47
-114.589
-114.716
-114.427
-114.579
-114.574
-114.688
-114.42
-114.617
-114.718
-114.576
-114.54
-114.751
-114.68
-114.198
-114.881
-114.744
-114.432
-114.643
-114.578
-114.463
-114.43
-114.579
-114.69
-114.618
-114.381
-114.595
-114.407
-114.669
-114.608
-114.539
-114.529
-114.569
-114.484
-114.564
-114.757
-114.424
-114.558
-114.659
-114.542
-114.633
-114.978
-114.169
-115.166
-114.355
-114.687
-114.705
-114.406
-114.733
-114.664
-114.558
-114.735
-114.35
-114.316
-114.865
-114.704
-114.648
-114.291
-114.643
-114.654
-114.432
-114.521
-114.643
-114.461
-114.402
-114.867
-114.63
-114.695
-114.582
-114.193
-114.83
-114.72
-114.302
-114.429
-114.565
-114.528
-114.411
-114.485
-114.608
-114.35
-114.582
-114.778
-114.535
-114.486
-114.697
-114.605
-114.375
-114.402
-114.612
-114.529
-114.488
-114.546
-114.65
-114.09
-114.743
-114.296
-114.354
-114.565
-114.06
-114.347
-114.261
-114.155
-114.155
-113.997
-114.17
-114.351
-114.174
-114.647
-113.767
-114.127
-114.377
-114.508
-114.093
-114.524
-114.422
-114.163
-114.51
-114.559
-114.222
-114.605
-114.066
-114.788
-114.565
-114.708
-114.514
-114.469
-114.349
-114.521
-114.54
-114.645
-114.389
-114.41
-114.53
-114.72
-114.448
-114.439
-114.485
-114.717
-114.587
-114.483
-114.466
-114.514
-114.541
-114.661
-114.561
-114.593
-114.887
-114.379
-114.311
-115.148
-114.749
-113.996
-114.82
-114.653
-114.275
-114.591
-114.643
-114.562
-114.497
-114.263
-114.494
-114.315
-114.333
-114.475
-114.402
-114.065
-114.439
-114.225
-114.377
-114.514
-114.547
-113.999
-114.629
-114.367
-114.619
-114.008
-114.781
-114.64
-114.787
-114.396
-114.315
-114.748
-114.506
-114.469
-114.396
-114.419
-114.446
-114.372
-114.608
-114.312
-114.392
-114.607
-114.499
-114.382
-114.736
-114.518
-114.557
-114.591
-114.273
-114.5
-114.718
-114.555
-114.64
-114.341
-114.554
-114.767
-114.353
-114.681
-114.452
-114.337
-114.665
-114.518
-114.605
-114.566
-114.286
-114.76
-114.548
-114.563
-114.422
-114.79
-114.928
-114.414
-114.64
-114.699
-114.562
-114.565
-114.773
-114.408
-114.344
-114.871
-114.67
-114.479
-114.4
-114.736
-114.59
-114.438
-114.551
-114.579
-114.488
-114.508
-114.573
-114.66
-114.586
-114.891
-114.503
-114.512
-115.009
-114.67
-114.833
-114.903
-114.027
-114.65
-114.147
-114.337
-114.587
-114.343
-114.198
-114.322
-114.14
-114.343
-114.505
-114.209
-114.711
-114.006
-115.018
-114.552
-114.399
-114.624
-114.728
-114.475
-114.413
-114.79
-114.605
-114.268
-114.733
-114.988
-114.71
-114.441
-114.405
-114.932
-114.698
-114.463
-114.732
-114.882
-114.454
-114.505
-114.612
-114.683
-114.69
-114.506
-114.795
-114.518
-114.284
-114.529
-114.918
-114.388
-114.316
-114.743
-114.683
-114.27
-114.472
-114.689
-114.776
-114.131
-114.424
-114.57
-114.615
-114.548
-114.525
-114.358
-114.591
-114.599
-114.568
-114.459
-114.436
-114.54
-114.695
-114.504
-114.323
-114.427
-114.501
-114.787
-114.478
-114.174
-114.742
-114.351
-114.37
-114.767
-114.444
-114.527
-114.143
-114.561
-114.501
-114.333
-114.263
-114.291
-114.397
-114.4
-114.341
-114.33
-114.293
-114.5
-114.279
-114.592
-114.37
-114.317
-114.487
-114.277
-114.367
-114.304
-114.369
-114.372
-114.275
-114.364
-114.595
-114.267
-114.417
-114.328
-114.524
-114.526
-114.75
-113.854
-114.51
-114.256
-114.412
-114.246
-114.484
-114.329
-114.308
-114.451
-114.337
-114.285
-114.111
-114.541
-114.228
-113.946
-114.367
-114.141
-114.115
-114.337
-114.188
-114.227
-114.181
-114.223
-114.232
-114.263
-114.163
-114.398
-114.31
-114.088
-114.253
-114.162
-114.282
-114.25
-114.354
-114.461
-114.216
-114.148
-114.211
-114.21
-114.408
-114.14
-114.301
-114.307
-114.215
-114.091
-114.187
-114.195
-114.335
-114.174
-114.133
-114.367
-114.302
-113.913
-114.29
-114.367
-113.944
-114.28
-114.327
-114.089
-114.153
-114.327
-114.204
-114.268
-114.247
-114.385
-114.173
-114.29
-114.063
-114.453
-114.386
-114.433
-114.043
-114.067
-114.38
-114.218
-114.128
-114.256
-114.297
-114.246
-114.063
-114.104
-114.24
-114.329
-114.303
-114.067
-114.069
-114.11
-114.309
-114.136
-114.088
-114.222
-114.13
-114.233
-114.137
-113.864
-114.369
-114.354
-114.094
-113.96
-114.302
-114.116
-114.234
-114.22
-114.11
-114.185
-114.206
-114.286
-114.11
-114.415
-113.905
-114.544
-114.456
-114.089
-114.006
-114.433
-114.481
-114.138
-114.088
-114.104
-114.296
-114.216
-114.153
-114.157
-114.124
-114.073
-114.163
-114.117
-114.264
-114.235
-114.17
-114.195
-114.15
-114.209
-114.33
-113.901
-114.24
-114.418
-114.104
-114.143
-114.129
-114.175
-114.125
-114.164
-114.028
-114.297
-114.22
-114.107
-114.033
-114.25
-113.874
-114.456
-114.367
-114.357
-114.57
-113.27
-114.303
-114.421
-113.916
-113.963
-114.151
-114.068
-114.06
-114.065
-114.234
-114.201
-113.9
-114.015
-114.159
-114
-113.989
-114.18
-113.833
-114.217
-114.053
-113.842
-114.091
-114.107
-114.301
-113.644
-114.693
-114.473
-114.552
-113.62
-114.472
-114.286
-114.188
-114.053
-114.212
-114.08
-114.039
-114.333
-114.439
-114.099
-113.945
-114.374
-114.412
-114.337
-114.325
-114.132
-114.151
-114.412
-114.03
-114.235
-114.234
-114.218
-113.995
-114.148
-114.192
-114.128
-113.903
-114.21
-114.279
-114.293
-113.884
-114.346
-114.227
-114.564
-114.201
-114.455
-114.414
-114.467
-114.037
-114.45
-114.331
-114.049
-114.328
-114.387
-114.226
-114.338
-114.209
-114.287
-114.262
-114.065
-114.524
-114.276
-113.903
-114.358
-114.411
-114.334
-113.984
-114.267
-114.21
-114.212
-114.165
-114.156
-114.119
-113.925
-114.263
-114.206
-114.127
-113.891
-114.36
-114.245
-113.997
-114.194
-114.285
-114.266
-113.941
-114.262
-114.363
-114.098
-114.188
-114.032
-114.21
-114.034
-114.198
-114.143
-114.043
-114.057
-114.122
-114.016
-113.955
-114.057
-113.97
-114.019
-114.159
-114.097
-114.121
-114.045
-114.327
-114.302
-113.631
-114.313
-114.311
-114.116
-113.837
-114.348
-113.955
-114.043
-114.159
-114.103
-113.79
-114.008
-114.119
-114.16
-114.01
-113.898
-114.005
-114.349
-114.001
-114.141
-114.053
-113.864
-114.383
-114.098
-113.954
-114.132
-114.055
-113.908
-114.361
-114.074
-114.07
-114.161
-114.054
-114.057
-114.087
-114.294
-114.182
-114.012
-114.2
-114.22
-114.079
-114.159
-114.119
-114.23
-114.064
-113.977
-114.194
-114.224
-114.06
-113.893
-113.917
-114.083
-114.211
-114.098
-113.961
-114.247
-114.119
-114.097
-114.075
-114.241
-114.364
-114.039
-114.143
-114.392
-114.274
-113.95
-114.305
-114.357
-114.138
-114.285
-114.196
-114.191
-114.025
-114.069
-114.273
-114.386
-113.903
-114.134
-114.211
-114.28
-114.234
-114.009
-114.041
-114.109
-114.102
-114.041
-114.173
-114.11
-113.906
-114.123
-114.128
-113.979
-114.107
-114.132
-114.078
-113.939
-114.035
-114.298
-114.307
-113.934
-114.243
-114.31
-113.992
-114.323
-114.174
-114.107
-114.054
-114.36
-114.176
-114.096
-113.925
-114.415
-114.272
-113.832
-114.156
-114.153
-114.208
-114.024
-114.015
-113.973
-114.165
-114.151
-113.94
-114.113
-114.351
-114.425
-113.695
-114.289
-114.217
-113.852
-114.329
-114.072
-113.424
-114.262
-114.119
-113.799
-113.838
-114.013
-113.748
-113.752
-113.977
-113.989
-113.884
-113.925
-113.761
-114.246
-113.786
-114.212
-113.766
-114.015
-114.129
-113.932
-113.775
-113.868
-113.929
-114.031
-114.031
-113.494
-114.046
-113.965
-114.097
-113.684
-113.848
-114.066
-113.878
-113.941
-114.103
-113.439
-114.133
-114.044
-113.723
-113.976
-113.915
-113.848
-113.907
-113.901
-113.795
-114.19
-113.865
-113.464
-114.085
-114.251
-113.923
-113.466
-113.92
-114.04
-113.775
-113.813
-113.899
-113.649
-113.763
-113.811
-113.876
-113.907
-113.858
-113.687
-113.876
-113.749
-113.861
-113.911
-113.81
-113.747
-113.873
-113.724
-113.801
-113.985
-113.901
-113.989
-113.672
-114.057
-114.214
-113.66
-114.22
-113.148
-114.134
-113.207
-113.806
-113.831
-113.609
-113.573
-113.537
-113.682
-113.793
-113.481
-113.646
-113.884
-113.519
-113.446
-113.523
-113.856
-113.636
-113.49
-113.626
-113.682
-113.692
-113.656
-113.686
-113.566
-113.516
-113.685
-113.723
-113.788
-113.931
-113.321
-113.697
-113.783
-113.863
-113.574
-113.659
-113.637
-113.667
-113.53
-113.511
-113.647
-113.834
-113.514
-113.484
-113.78
-113.62
-113.694
-113.756
-113.569
-113.765
-113.626
-113.661
-113.871
-113.691
-113.714
-113.897
-113.46
-113.692
-113.876
-113.82
-113.578
-113.381
-113.559
-113.856
-113.772
-113.491
-113.667
-113.542
-113.801
-113.352
-113.708
-113.669
-113.613
-113.66
-113.737
-113.695
-113.585
-113.793
-113.599
-113.669
-114.02
-113.857
-113.618
-113.856
-113.563
-113.49
-113.88
-113.787
-113.66
-113.415
-113.533
-113.641
-113.537
-113.61
-113.717
-113.693
-113.625
-114.11
-113.21
-113.526
-113.441
-113.396
-113.438
-113.313
-113.713
-113.834
-113.12
-113.233
-113.78
-113.548
-113.135
-113.399
-113.627
-113.3
-113.198
-113.438
-113.484
-113.517
-113.071
-113.608
-113.498
-113.264
-113.367
-113.283
-113.48
-113.46
-113.14
-113.368
-113.49
-113.441
-113.234
-113.524
-113.587
-113.032
-113.278
-113.612
-113.549
-113.41
-113.059
-113.634
-113.307
-113.236
-113.526
-113.341
-113.362
-113.113
-113.505
-113.143
-113.095
-113.425
-113.29
-113.168
-112.954
-113.085
-113.362
-113.382
-113.083
-112.979
-113.226
-113.436
-113.152
-113.154
-113.346
-113.362
-113.036
-113.622
-113.089
-113.568
-113.541
-113.22
-113.467
-113.605
-113.03
-113.32
-113.537
-113.418
-113.08
-113.37
-113.359
-113.244
-113.396
-113.185
-113.451
-113.42
-113.469
-113.372
-113.29
-113.865
-113.177
-113.437
-113.424
-113.4
-113.398
-113.481
-113.453
-113.237
-113.233
-113.439
-113.516
-113.35
-113.383
-113.342
-113.388
-113.663
-113.433
-113.303
-113.591
-113.36
-113.679
-113.538
-113.166
-113.535
-113.439
-113.424
-113.512
-113.655
-112.658
-113.73
-113.247
-113.668
-113.578
-113.359
-113.402
-113.645
-113.285
-113.523
-113.498
-113.627
-113.541
-113.65
-113.243
-113.498
-113.569
-113.419
-113.304
-113.364
-113.538
-113.431
-113.42
-113.257
-113.604
-113.457
-113.405
-113.419
-113.405
-113.452
-113.416
-113.138
-113.586
-113.642
-113.306
-113.484
-113.69
-113.122
-113.563
-113.596
-113.524
-113.329
-113.381
-113.641
-113.38
-113.478
-113.492
-113.291
-113.325
-113.448
-113.593
-113.478
-113.272
-113.324
-113.291
-113.422
-113.43
-113.215
-113.476
-113.545
-113.203
-113.387
-113.562
-113.321
-113.48
-113.517
-113.547
-113.328
-113.58
-113.525
-113.241
-113.617
-113.651
-113.505
-113.472
-113.486
-113.297
-113.639
-113.32
-113.105
-113.166
-113.353
-113.225
-113.053
-113.307
-113.366
-113.21
-113.35
-113.147
-113.209
-113.433
-113.243
-113.207
-113.213
-113.28
-113.261
-113.118
-113.192
-113.369
-113.311
-113.153
-113.205
-113.268
-113.25
-113.239
-113.369
-113.256
-113.089
-113.513
-113.42
-113.249
-113.32
-113.816
-113.143
-113.128
-113.752
-113.475
-113.101
-113.296
-113.02
-113.077
-113.039
-113.144
-112.958
-113.028
-113.063
-113.123
-113.073
-113.066
-112.975
-113.147
-113.027
-113.103
-113.089
-113.085
-113.093
-113.028
-113.167
-113.041
-113.076
-113.163
-113.426
-113.027
-112.888
-113.177
-113.05
-113.299
-113.287
-112.935
-112.909
-113.164
-113.284
-113.07
-112.972
-113.098
-112.929
-112.958
-113.095
-113.141
-113.254
-113.04
-112.982
-113.111
-113.117
-113.078
-113.012
-113.163
-113.09
-113.036
-113.07
-113.063
-113.102
-113.073
-113.045
-113.021
-113.102
-112.99
-113.116
-113.088
-113.099
-113.03
-113.163
-113.075
-113.002
-113.39
-113.439
-113.012
-113.083
-113.178
-113.281
-113.265
-113.35
-113.066
-113.056
-113.168
-113.121
-113.159
-113.19
-113.097
-113.059
-113.112
-113.031
-113.204
-113.372
-113.034
-113.302
-113.034
-113.217
-113.429
-113.198
-112.987
-113.2
-113.615
-112.942
-113.264
-113.205
-112.991
-113.263
-113.499
-113.019
-112.893
-113.45
-113.178
-113.089
-113.113
-113.132
-113.062
-113.048
-113.044
-113.063
-113.165
-113.03
-113.032
-113.092
-113.185
-113.051
-113.092
-113.224
-113.231
-113.203
-113.159
-113.356
-112.967
-113.131
-113.012
-113.106
-113.099
-113.161
-113.182
-113.158
-113.066
-112.755
-113.188
-113.194
-112.975
-112.908
-113.159
-113.167
-112.983
-112.901
-113.21
-113.252
-112.99
-112.947
-113.272
-113.196
-113.227
-113.252
-113.076
-112.918
-113.237
-112.844
-113.111
-112.996
-112.795
-112.98
-112.903
-112.936
-113.124
-112.847
-112.749
-112.997
-112.898
-112.986
-112.816
-113.031
-113.064
-112.803
-112.808
-112.95
-112.895
-112.9
-113.033
-112.651
-113.073
-112.965
-112.952
-113.047
-112.809
-113.058
-113.085
-112.906
-113.254
-112.661
-113.087
-112.99
-113.108
-113.102
-113.068
-112.707
-113.15
-113.25
-112.898
-112.989
-113.052
-112.894
-113.048
-113.188
-112.662
-113.219
-112.854
-112.891
-113.061
-113.141
-112.773
-112.819
-113.137
-113.068
-112.82
-112.975
-113.153
-112.943
-112.982
-113.248
-113.215
-112.644
-113.462
-113.233
-112.663
-113.157
-112.882
-112.693
-112.894
-112.747
-112.574
-112.869
-112.836
-112.731
-112.622
-112.77
-112.765
-112.562
-112.768
-112.821
-112.776
-113.037
-112.784
-112.802
-112.992
-113.199
-112.693
-112.951
-112.907
-112.862
-112.784
-112.902
-112.852
-112.762
-112.856
-112.678
-112.688
-112.789
-112.809
-113.012
-112.896
-112.366
-113.104
-113.211
-112.823
-112.577
-113.014
-113.591
-112.043
-113.607
-113.21
-112.682
-112.861
-113.268
-112.849
-112.767
-112.901
-112.885
-112.644
-112.762
-112.812
-112.771
-112.945
-112.723
-112.751
-113.011
-112.815
-112.923
-113.086
-112.679
-113.214
-112.904
-112.721
-112.936
-112.906
-112.956
-112.827
-112.883
-112.688
-112.918
-112.943
-112.407
-112.965
-113.052
-112.533
-112.93
-112.914
-113.032
-112.786
-112.634
-113.083
-112.981
-112.939
-112.73
-112.795
-112.994
-113.086
-112.841
-112.434
-112.874
-113.004
-112.909
-112.798
-112.806
-112.881
-112.789
-112.826
-112.841
-112.939
-112.765
-113.041
-112.863
-112.613
-112.984
-112.798
-112.616
-112.875
-112.997
-113.153
-112.569
-112.611
-113.043
-113.013
-112.734
-112.62
-112.886
-112.79
-112.566
-112.819
-112.91
-112.661
-112.666
-112.776
-113.023
-113.005
-112.415
-112.742
-113.218
-112.769
-112.489
-112.991
-112.947
-112.793
-112.512
-112.885
-112.861
-112.882
-112.834
-112.754
-112.757
-112.787
-112.737
-112.682
-112.835
-112.881
-112.904
-112.672
-112.963
-112.683
-112.753
-112.848
-112.483
-112.763
-112.746
-112.695
-112.76
-112.44
-112.577
-112.768
-112.695
-112.743
-112.416
-112.85
-112.558
-112.593
-112.709
-112.453
-112.836
-112.607
-112.64
-112.793
-112.782
-112.578
-112.605
-112.815
-112.955
-112.656
-112.506
-112.91
-112.676
-112.657
-112.482
-112.843
-112.917
-112.7
-112.355
-112.672
-112.807
-112.757
-112.624
-112.518
-112.617
-112.713
-112.648
-112.551
-112.554
-112.832
-112.91
-112.693
-112.466
-112.823
-112.958
-112.676
-112.642
-112.915
-112.828
-112.538
-112.713
-112.693
-112.588
-112.675
-112.812
-112.663
-112.548
-112.522
-112.613
-112.891
-112.748
-112.556
-112.553
-112.92
-112.76
-112.737
-112.567
-112.742
-112.797
-112.453
-112.628
-112.846
-112.807
-112.537
-112.61
-112.752
-112.487
-112.754
-112.689
-112.804
-112.616
-112.373
-112.902
-112.786
-112.444
-112.556
-112.799
-112.639
-112.69
-112.693
-112.427
-112.808
-112.829
-112.468
-112.741
-112.809
-112.632
-112.638
-112.634
-112.843
-112.642
-112.533
-112.944
-112.596
-112.614
-112.84
-112.831
-112.796
-112.539
-112.729
-112.803
-112.671
-113.04
-112.858
-112.44
-112.822
-112.876
-112.509
-112.806
-112.805
-112.653
-112.505
-112.671
-112.549
-112.815
-112.766
-112.717
-112.561
-112.671
-112.962
-112.771
-112.674
-112.934
-112.713
-112.716
-112.857
-113.034
-112.879
-112.678
-112.959
-112.67
-112.7
-112.687
-112.69
-112.627
-112.52
-112.854
-112.399
-112.771
-112.973
-112.526
-112.528
-112.9
-112.743
-112.587
-112.777
-112.657
-112.674
-112.746
-112.76
-112.63
-112.556
-112.737
-112.888
-112.696
-112.613
-113.011
-112.663
-112.746
-112.849
-112.719
-112.763
-112.688
-112.721
-112.912
-112.262
-112.827
-112.631
-112.591
-112.486
-112.753
-112.827
-112.236
-112.457
-112.781
-112.523
-112.338
-112.559
-112.471
-112.489
-112.463
-112.455
-112.524
-112.451
-112.335
-112.83
-112.734
-112.711
-112.533
-113.224
-113.027
-111.882
-111.993
-112.253
-112.117
-112.076
-112.043
-112.05
-111.958
-112.003
-112.09
-112.096
-111.588
-112.227
-112.133
-112.104
-111.884
-111.956
-112.224
-112.011
-112.062
-112.396
-111.83
-112.368
-112.304
-112.195
-112.49
-111.843
-112.151
-112.305
-112.102
-111.999
-112.247
-111.892
-112.17
-111.967
-111.982
-112.203
-112.132
-111.669
-111.847
-112.102
-112.051
-112.169
-111.828
-111.936
-112.216
-112.006
-112.011
-112.066
-112.398
-112.295
-111.556
-112.068
-112.231
-112.108
-112.012
-111.837
-112.176
-112.201
-111.731
-111.996
-112.099
-112.022
-112.026
-111.964
-112.03
-111.921
-111.95
-112.007
-111.858
-112.045
-112.108
-111.966
-111.843
-112.079
-112.022
-112.088
-112.031
-111.866
-111.905
-112.211
-112.171
-111.895
-112.129
-112.565
-111.744
-112.074
-112.282
-111.915
-112.239
-111.809
-111.935
-112.239
-112.075
-111.764
-112.075
-111.907
-111.863
-112.134
-111.697
-112.16
-112.275
-111.927
-111.887
-111.542
-112.506
-112.48
-112.099
-112.038
-112.284
-112.352
-112.078
-112.149
-112.042
-112.277
-112.227
-112.286
-112.095
-112.185
-112.462
-112.172
-112.35
-112.106
-112.382
-111.921
-112.437
-112.222
-112.248
-112.195
-112.21
-112.28
-111.844
-112.331
-112.543
-112.149
-112.245
-112.582
-112.034
-112.383
-112.239
-112.403
-112.089
-112.395
-112.05
-112.309
-112.186
-112.214
-112.07
-112.032
-112.51
-111.821
-112.186
-112.173
-111.992
-111.897
-111.903
-112.132
-112.042
-111.938
-112.055
-111.764
-112.091
-112.133
-112.052
-112.079
-111.837
-111.892
-112.155
-112.108
-111.853
-112.305
-112.077
-111.85
-112.136
-111.984
-112.058
-112.098
-111.952
-111.98
-112.022
-111.897
-112.08
-111.935
-111.943
-112.049
-111.801
-111.926
-112.04
-111.924
-111.798
-112.009
-112.014
-111.962
-112.119
-111.914
-112.009
-111.862
-112.381
-112.054
-112.112
-111.942
-112.025
-112.14
-112.235
-111.917
-112.144
-112.114
-111.737
-112.277
-112.034
-111.993
-111.872
-111.908
-111.989
-112.082
-111.766
-112.059
-112.072
-111.836
-111.933
-112.041
-112.071
-112.056
-111.897
-112.006
-112.207
-111.853
-111.861
-112.082
-112.053
-111.971
-111.898
-111.965
-112.037
-111.943
-111.887
-112.08
-112.33
-111.82
-111.87
-112.277
-111.915
-111.863
-111.974
-112.136
-111.914
-111.847
-111.956
-111.868
-111.873
-112.118
-111.765
-112.174
-111.745
-111.96
-111.959
-111.923
-111.953
-111.911
-111.746
-112.096
-112.129
-111.831
-112.107
-112.139
-111.187
-112.183
-111.899
-111.561
-111.801
-111.483
-111.644
-111.575
-111.58
-111.531
-111.649
-111.687
-111.633
-111.472
-111.613
-111.706
-111.825
-112.008
-111.213
-111.629
-111.828
-111.675
-111.681
-111.577
-111.482
-111.597
-111.665
-111.723
-111.562
-111.992
-112.013
-111.914
-111.498
-111.718
-111.892
-111.898
-111.675
-111.755
-111.77
-111.722
-112.026
-111.938
-111.6
-111.78
-112.262
-111.985
-111.789
-111.825
-111.914
-112.103
-111.313
-112.128
-112.12
-111.707
-111.843
-111.655
-111.555
-111.581
-111.615
-111.598
-111.592
-111.597
-111.607
-111.737
-111.706
-111.746
-111.822
-111.607
-111.68
-111.563
-111.854
-111.945
-111.549
-111.404
-111.715
-111.709
-111.564
-111.571
-111.833
-111.749
-111.316
-111.833
-111.557
-111.929
-111.638
-111.575
-111.686
-111.786
-111.619
-111.693
-111.704
-111.579
-111.812
-111.583
-111.533
-111.659
-111.706
-111.74
-111.488
-111.699
-111.51
-111.601
-111.498
-111.712
-111.601
-111.686
-111.502
-111.605
-111.516
-111.642
-111.774
-111.57
-111.565
-111.846
-111.615
-111.751
-111.848
-111.786
-111.632
-111.601
-111.433
-111.86
-111.832
-111.473
-111.404
-111.691
-111.646
-111.746
-111.661
-111.494
-111.535
-111.693
-111.58
-111.552
-111.574
-111.556
-111.59
-111.706
-111.392
-111.725
-111.769
-111.363
-111.787
-111.641
-111.424
-111.645
-111.654
-111.765
-111.541
-111.631
-111.621
-111.468
-111.64
-111.664
-111.592
-111.465
-111.609
-111.661
-111.613
-111.448
-111.328
-111.669
-111.732
-111.389
-111.747
-111.6
-111.563
-111.724
-111.715
-111.676
-111.465
-111.524
-111.641
-111.757
-111.769
-111.318
-111.622
-111.663
-111.582
-111.698
-111.576
-111.449
-111.675
-111.418
-111.509
-111.941
-111.759
-111.172
-111.719
-111.862
-111.393
-111.649
-111.86
-111.472
-111.642
-111.672
-111.705
-111.501
-111.637
-111.611
-111.671
-111.501
-111.573
-111.473
-111.542
-111.665
-111.539
-111.378
-111.466
-111.655
-111.5
-111.866
-111.596
-111.345
-111.616
-111.701
-111.765
-111.621
-111.571
-111.557
-111.653
-111.571
-111.621
-111.721
-111.757
-111.438
-111.399
-111.893
-111.479
-111.709
-111.389
-111.476
-111.557
-111.608
-111.406
-111.53
-111.693
-111.639
-111.459
-111.5
-111.629
-111.655
-111.462
-111.67
-111.662
-111.326
-111.747
-111.693
-111.531
-111.454
-111.79
-111.897
-111.274
-111.656
-111.997
-111.432
-111.667
-111.417
-111.662
-111.898
-111.278
-111.764
-111.815
-111.53
-111.384
-111.478
-111.528
-111.736
-111.573
-111.466
-111.601
-111.48
-111.513
-111.605
-111.41
-111.479
-111.383
-111.745
-111.534
-111.251
-111.57
-111.553
-111.62
-111.536
-111.474
-111.613
-111.615
-111.389
-111.746
-111.879
-111.155
-111.857
-111.649
-111.516
-111.52
-111.419
-111.397
-111.521
-111.571
-111.647
-111.578
-111.217
-111.847
-111.64
-111.516
-111.722
-111.635
-111.668
-111.742
-111.601
-111.628
-111.756
-111.702
-111.648
-111.432
-111.576
-111.627
-111.585
-111.702
-111.342
-111.506
-111.59
-111.665
-111.589
-111.392
-111.606
-111.692
-111.399
-111.541
-111.704
-111.412
-111.583
-111.642
-111.476
-111.54
-111.413
-111.512
-111.625
-111.494
-111.663
-111.719
-111.209
-112.026
-111.906
-111.416
-111.985
-111.877
-111.705
-111.594
-111.74
-111.832
-111.812
-111.71
-111.819
-111.768
-111.653
-111.659
-111.761
-111.705
-111.691
-111.737
-111.6
-111.789
-111.686
-111.711
-111.917
-111.709
-111.792
-111.67
-111.713
-111.765
-111.794
-111.662
-111.762
-111.974
-111.676
-111.747
-111.826
-111.573
-111.674
-111.775
-111.795
-111.811
-111.539
-111.966
-111.783
-111.649
-111.998
-111.493
-111.698
-111.633
-111.652
-111.794
-111.615
-111.561
-111.592
-111.743
-111.717
-111.672
-111.612
-111.67
-111.829
-111.956
-111.6
-111.86
-111.897
-111.536
-111.841
-111.87
-111.942
-111.674
-111.714
-111.591
-111.714
-111.634
-111.74
-111.458
-111.584
-111.816
-111.815
-111.638
-111.845
-111.591
-111.5
-111.58
-111.796
-112.005
-111.714
-111.688
-112.135
-111.085
-112.02
-112.04
-111.498
-111.382
-111.885
-111.745
-111.519
-111.713
-111.477
-111.691
-111.738
-111.531
-111.477
-111.671
-111.575
-111.569
-111.559
-111.689
-111.824
-111.631
-111.321
-111.561
-111.77
-111.727
-111.6
-111.549
-111.561
-111.734
-111.615
-111.628
-111.577
-111.592
-111.574
-111.746
-111.554
-111.488
-111.606
-111.549
-111.444
-111.543
-111.531
-111.471
-111.519
-111.589
-111.543
-111.623
-111.59
-111.278
-111.694
-111.737
-111.462
-111.4
-111.612
-111.594
-111.676
-111.679
-111.482
-111.53
-111.799
-111.614
-111.624
-111.893
-111.42
-111.661
-111.742
-111.452
-111.643
-111.73
-111.555
-111.543
-111.395
-111.632
-111.678
-111.504
-111.486
-111.573
-111.675
-111.589
-111.291
-111.75
-111.679
-111.525
-111.472
-111.714
-111.477
-111.541
-111.671
-111.632
-111.53
-111.377
-111.68
-111.627
-111.442
-111.704
-111.578
-111.611
-111.368
-111.454
-111.672
-111.477
-111.585
-111.642
-111.471
-111.453
-111.607
-111.59
-111.354
-111.744
-111.77
-111.489
-111.813
-111.477
-111.233
-111.945
-111.697
-111.606
-111.632
-111.461
-111.564
-112.047
-111.304
-111.152
-111.522
-111.111
-111.262
-111.355
-111.367
-110.831
-111.397
-111.343
-111.364
-111.031
-111.229
-111.454
-111.248
-111.138
-111.127
-111.128
-111.313
-111.318
-111.241
-111.141
-111.607
-111.63
-111.3
-111.224
-111.36
-111.632
-111.347
-111.36
-111.562
-110.986
-111.363
-111.445
-111.286
-111.242
-111.047
-111.351
-111.279
-111.247
-111.279
-111.165
-110.94
-111.408
-111.501
-111.341
-111.05
-111.291
-111.477
-111.226
-111.156
-111.403
-111.354
-111.13
-111.213
-111.234
-111.276
-111.233
-111.107
-111.225
-111.283
-111.127
-111.269
-111.264
-110.917
-111.176
-111.283
-111.266
-111.291
-111.141
-111.143
-111.344
-111.44
-111.261
-111.164
-111.542
-111.115
-111.184
-111.477
-111.39
-111.265
-111.141
-111.231
-111.277
-111.183
-111.373
-111.318
-111.027
-111.215
-111.323
-111.31
-111.06
-111.236
-111.278
-111.232
-111.311
-111.14
-111.466
-111.327
-111.242
-111.402
-111.389
-111.065
-111.496
-111.584
-111.195
-111.721
-111.104
-111.582
-111.744
-111.601
-111.451
-111.556
-111.363
-111.385
-111.642
-111.6
-111.263
-111.49
-111.567
-111.5
-111.205
-111.366
-111.589
-111.398
-111.513
-111.559
-111.407
-111.414
-111.568
-111.383
-111.511
-111.875
-111.454
-111.759
-111.923
-111.371
-111.831
-111.733
-111.418
-111.817
-111.719
-111.663
-111.32
-111.483
-111.625
-111.59
-111.322
-111.469
-111.518
-111.627
-111.602
-111.328
-111.63
-111.424
-111.427
-111.735
-111.623
-111.332
-111.525
-111.893
-111.654
-111.294
-111.678
-111.494
-111.54
-111.676
-111.638
-111.557
-111.446
-111.621
-111.412
-111.766
-111.662
-111.31
-111.579
-111.711
-111.61
-111.391
-111.517
-111.466
-111.616
-111.542
-111.48
-111.61
-111.824
-111.501
-111.247
-111.781
-111.671
-111.468
-111.5
-111.437
-111.703
-111.574
-111.492
-111.446
-111.534
-111.657
-111.525
-111.448
-111.63
-111.535
-111.496
-111.884
-111.765
-111.165
-111.569
-111.783
-111.612
-111.445
-111.707
-111.538
-111.637
-111.758
-111.543
-111.311
-111.848
-111.687
-111.699
-111.821
-111.164
-111.754
-112.072
-111.571
-111.367
-111.331
-111.727
-111.787
-111.694
-111.343
-111.458
-111.887
-111.382
-111.414
-111.726
-111.541
-111.65
-111.358
-111.584
-111.698
-111.476
-111.578
-111.483
-111.498
-111.466
-111.52
-111.691
-111.545
-111.357
-111.656
-111.624
-111.457
-111.575
-111.698
-111.412
-111.923
-111.803
-111.526
-111.567
-111.794
-111.739
-111.792
-111.741
-111.816
-111.528
-111.842
-111.712
-111.565
-111.598
-111.676
-111.566
-111.54
-111.579
-111.518
-111.587
-111.677
-111.592
-111.413
-111.617
-111.593
-111.676
-111.514
-111.423
-111.752
-111.747
-111.443
-111.657
-111.76
-111.772
-111.459
-111.59
-111.806
-111.82
-111.615
-112.521
-112.278
-112.284
-112.163
-112.202
-112.2
-112.006
-112.131
-112.348
-112.286
-112.123
-112.327
-112.072
-112.209
-112.427
-112.522
-112.526
-111.999
-112.545
-112.122
-112.94
-112.288
-112.75
-112.687
-112.224
-112.716
-112.514
-112.431
-112.49
-112.513
-112.572
-112.386
-112.331
-112.488
-112.398
-112.442
-112.474
-112.587
-112.568
-112.406
-112.633
-112.584
-112.645
-112.333
-112.616
-112.69
-112.325
-112.622
-112.77
-112.224
-112.545
-112.768
-112.748
-112.425
-112.303
-112.569
-112.27
-112.605
-112.286
-112.307
-112.498
-112.34
-112.356
-112.446
-112.402
-112.206
-112.312
-112.386
-112.379
-112.369
-112.316
-112.491
-112.861
-112.146
-112.335
-112.724
-112.213
-112.77
-112.729
-111.939
-112.51
-112.604
-112.218
-112.55
-112.153
-112.282
-112.429
-112.385
-112.151
-112.257
-112.318
-112.227
-112.387
-112.358
-112.19
-112.102
-112.326
-112.536
-112.536
-112.026
-112.489
-112.539
-112.143
-112.434
-112.348
-112.335
-112.399
-112.238
-112.447
-112.376
-112.395
-112.383
-112.328
-112.613
-112.452
-112.279
-112.274
-112.413
-112.176
-112.3
-112.248
-112.201
-112.255
-112.12
-112.248
-112.294
-112.254
-112.328
-111.973
-112.473
-112.454
-111.989
-112.272
-112.131
-112.538
-112.022
-112.39
-112.099
-111.981
-112.165
-112.344
-112.061
-112.298
-112.151
-112.04
-112.46
-112.041
-112.064
-112.205
-112.278
-112.222
-112.013
-112.288
-112.233
-112.135
-112.213
-112.188
-112.148
-112.226
-112.363
-112.286
-112.211
-111.982
-112.292
-112.258
-112.117
-112.121
-112.203
-111.941
-112.205
-112.023
-112.121
-112.255
-112.167
-111.986
-112.114
-112.3
-112.494
-112.134
-112.066
-112.37
-112.287
-112.326
-112.168
-112.26
-112.397
-111.971
-112
-112.213
-112.224
-112.034
-112.037
-112.226
-112.027
-112.055
-112.215
-112.027
-111.943
-112.189
-112.286
-112.199
-112.074
-112.315
-112.054
-112.227
-112.277
-112.191
-112.146
-112.219
-112.255
-112.13
-112.078
-112.129
-112.11
-112.08
-112.193
-111.979
-111.847
-112.213
-112.146
-112.002
-111.896
-112.135
-112.159
-111.923
-112.246
-111.932
-112.005
-112.102
-112.141
-111.934
-112.195
-112.002
-112.345
-112.174
-112.023
-112.262
-112.011
-112.399
-112.128
-112.074
-111.942
-112.204
-112.038
-111.942
-112.204
-112.042
-111.834
-112.059
-112.018
-112.092
-112.129
-111.809
-112.068
-112.273
-111.977
-111.964
-112.373
-112.319
-111.855
-112.137
-112.198
-112.187
-112.087
-111.997
-112.238
-112.145
-112.118
-112.077
-111.921
-112.018
-112.235
-112.091
-112.072
-112.046
-112.195
-111.926
-112.369
-112.195
-112.292
-112.215
-112.127
-112.183
-112.214
-112.426
-112.11
-112.268
-112.205
-112.359
-112.228
-111.929
-112.198
-112.039
-112.041
-111.925
-111.985
-112.148
-112.053
-112.023
-112.185
-111.99
-112.035
-112.19
-112.332
-112.159
-111.859
-112.46
-112.099
-112.23
-112.51
-111.72
-112.12
-112.55
-112.228
-112.213
-112.29
-111.976
-112.43
-112.192
-112.13
-112.303
-112.112
-112.08
-112.06
-112.201
-112.343
-112.052
-112.347
-112.063
-112.437
-112.526
-112.146
-112.368
-112.479
-112.226
-112.067
-112.522
-112.558
-112.293
-112.274
-112.214
-112.364
-112.328
-112.082
-112.146
-112.32
-112.443
-112.305
-112.223
-112.456
-112.403
-112.239
-112.516
-112.574
-112.294
-112.573
-112.624
-112.15
-112.533
-112.507
-112.26
-112.261
-112.356
-112.461
-112.463
-112.114
-112.371
-111.98
-112.3
-112.134
-112.237
-112.189
-112.199
-112.142
-112.127
-112.291
-112.109
-112.309
-112.211
-112.116
-112.104
-112.307
-112.053
-112.148
-112.293
-112.228
-112.127
-111.995
-112.24
-112.354
-112.045
-112.264
-111.901
-112.167
-112.226
-112.044
-112.184
-112.058
-112.164
-112.002
-112.064
-112.342
-112.284
-112.148
-111.945
-112.578
-112.108
-112.014
-112.314
-112.301
-112.291
-111.777
-112.312
-112.328
-111.92
-112.028
-112.265
-111.88
-111.949
-112.033
-111.924
-111.99
-112.09
-112.027
-111.831
-112.105
-112.14
-112.017
-112.053
-112.07
-112.266
-112.188
-111.987
-112.487
-111.675
-112.061
-111.952
-112.273
-112.13
-111.932
-112.022
-112.105
-111.975
-111.835
-111.953
-112.192
-112.175
-111.563
-112.212
-112.047
-111.966
-112.081
-112.268
-111.656
-112.195
-112.391
-112.036
-112.158
-111.969
-112.177
-112.155
-112.117
-112.128
-112.107
-112.206
-111.749
-111.987
-111.883
-111.928
-111.791
-112.091
-111.872
-112.026
-111.965
-111.828
-112.295
-111.922
-111.721
-112.104
-112.132
-111.893
-111.688
-112.318
-112.077
-111.841
-112.164
-112.265
-111.721
-111.895
-112.237
-112.015
-111.869
-111.727
-111.894
-112.105
-111.761
-111.869
-112.07
-111.889
-111.752
-111.951
-111.907
-112.092
-111.805
-111.944
-112.063
-111.97
-112.159
-111.781
-111.905
-111.975
-112.072
-112.105
-111.736
-111.948
-112.018
-111.844
-112.032
-112.063
-111.897
-111.848
-112.103
-111.885
-111.826
-111.876
-111.827
-111.784
-111.87
-111.997
-111.791
-111.814
-111.97
-111.817
-111.842
-112.018
-111.95
-111.913
-111.914
-112.313
-111.676
-111.945
-112.1
-112.107
-111.992
-111.562
-112.07
-112.071
-111.832
-112.017
-111.82
-111.834
-111.942
-111.818
-111.955
-111.904
-111.803
-111.917
-111.928
-111.993
-112.383
-112.055
-111.753
-112.065
-112.33
-111.918
-112.133
-112.191
-111.95
-111.799
-112.575
-111.108
-111.918
-111.443
-111.727
-111.636
-111.673
-111.598
-111.408
-111.771
-111.786
-111.271
-111.555
-111.812
-111.65
-111.55
-111.87
-111.7
-111.562
-111.787
-112.018
-111.451
-111.712
-111.995
-111.615
-111.8
-111.756
-111.575
-111.684
-111.709
-111.752
-111.627
-111.458
-111.661
-111.732
-111.656
-111.586
-111.581
-111.616
-111.639
-111.547
-111.771
-111.715
-111.712
-111.746
-111.771
-111.811
-111.53
-111.635
-111.694
-111.465
-111.769
-111.798
-111.577
-111.618
-111.61
-111.552
-111.701
-111.535
-111.621
-111.687
-111.359
-111.649
-111.739
-111.485
-111.542
-111.75
-111.577
-111.633
-111.607
-111.858
-111.825
-111.217
-111.734
-111.825
-111.675
-111.561
-111.586
-111.704
-111.654
-111.427
-111.537
-111.653
-111.721
-111.443
-111.628
-111.826
-111.5
-111.521
-111.64
-111.787
-111.612
-111.672
-111.689
-111.451
-111.696
-111.891
-111.636
-111.379
-111.649
-111.741
-111.643
-111.519
-111.748
-111.385
-111.57
-111.652
-111.683
-111.673
-111.603
-111.617
-111.451
-111.723
-111.571
-111.759
-111.731
-111.395
-111.68
-111.635
-111.688
-111.26
-111.791
-111.945
-111.529
-111.804
-111.444
-111.505
-111.639
-111.717
-111.782
-111.585
-111.532
-111.572
-111.476
-111.615
-111.812
-111.656
-111.435
-111.641
-111.528
-111.55
-111.626
-111.699
-111.461
-111.744
-111.735
-111.463
-111.77
-111.699
-111.67
-111.548
-111.833
-111.651
-111.706
-111.441
-111.59
-111.684
-111.541
-111.513
-111.558
-111.624
-111.524
-111.529
-111.483
-111.577
-111.568
-111.644
-111.634
-111.48
-111.439
-111.698
-111.817
-111.465
-111.721
-111.71
-111.791
-111.608
-111.663
-111.88
-111.671
-111.532
-111.414
-111.375
-111.657
-111.637
-111.454
-111.527
-111.559
-111.506
-111.627
-111.656
-111.37
-111.612
-111.779
-111.397
-111.603
-111.713
-111.55
-111.472
-111.595
-111.521
-111.551
-111.592
-111.601
-111.551
-111.525
-111.54
-111.665
-111.724
-111.443
-111.437
-111.706
-111.621
-111.328
-111.687
-111.631
-111.578
-111.57
-111.428
-111.892
-111.588
-111.721
-111.714
-111.583
-111.611
-112.007
-111.369
-111.286
-112.131
-111.745
-111.497
-111.618
-111.402
-111.647
-111.678
-111.436
-111.422
-111.57
-111.569
-111.491
-111.599
-111.612
-111.427
-111.392
-111.637
-111.868
-111.427
-111.306
-111.647
-111.563
-111.654
-111.503
-111.438
-111.661
-111.63
-111.146
-111.696
-111.572
-111.446
-111.326
-111.472
-111.544
-111.606
-111.347
-111.413
-111.937
-111.398
-111.375
-111.546
-111.778
-111.555
-111.517
-111.619
-111.361
-111.552
-111.598
-111.591
-111.494
-111.639
-111.427
-111.332
-111.613
-111.61
-111.379
-111.474
-111.448
-111.413
-111.453
-111.544
-111.388
-111.585
-111.383
-111.807
-111.657
-111.499
-111.614
-111.619
-111.54
-111.565
-111.748
-111.778
-111.313
-111.45
-111.757
-111.594
-111.636
-111.42
-111.634
-111.446
-111.518
-111.716
-111.473
-111.5
-111.756
-111.653
-111.373
-111.472
-111.626
-111.635
-111.637
-111.586
-111.361
-111.52
-111.626
-111.731
-111.382
-111.772
-111.559
-111.492
-111.76
-111.56
-111.623
-111.533
-111.51
-111.663
-111.683
-111.563
-111.381
-111.622
-111.89
-111.49
-111.503
-111.772
-111.509
-111.514
-111.705
-111.826
-111.22
-111.877
-111.706
-111.308
-111.729
-111.587
-111.548
-111.652
-111.652
-111.473
-111.76
-111.661
-111.686
-111.661
-111.596
-111.58
-111.799
-111.734
-111.508
-111.787
-111.703
-111.614
-111.848
-111.747
-111.333
-111.742
-111.679
-111.549
-111.603
-111.624
-111.569
-111.749
-111.668
-111.458
-111.648
-111.883
-111.767
-111.197
-111.804
-111.573
-111.877
-111.688
-111.618
-111.646
-111.683
-111.66
-111.701
-111.734
-111.75
-111.454
-111.625
-111.895
-111.656
-111.466
-111.474
-111.526
-111.677
-111.687
-111.539
-111.651
-111.818
-111.365
-111.966
-111.853
-111.549
-111.765
-111.929
-111.876
-111.51
-111.624
-111.802
-111.663
-111.654
-111.66
-111.755
-111.861
-111.421
-111.569
-111.751
-111.869
-111.402
-111.84
-111.694
-111.559
-111.639
-111.657
-111.664
-111.611
-111.762
-111.729
-111.642
-111.682
-111.546
-111.654
-111.68
-112.096
-111.217
-111.622
-111.387
-111.36
-111.554
-111.302
-111.442
-111.627
-111.516
-111.302
-111.547
-111.645
-111.451
-111.491
-111.561
-111.528
-111.19
-111.588
-111.797
-111.581
-111.614
-111.47
-111.548
-111.586
-111.414
-111.597
-111.511
-111.483
-111.417
-111.354
-111.49
-111.428
-111.464
-111.597
-111.499
-111.338
-111.818
-111.979
-111.398
-111.72
-111.981
-111.926
-111.73
-111.152
-112.011
-111.819
-111.814
-111.458
-111.455
-112.034
-111.514
-111.569
-111.696
-111.629
-111.571
-111.493
-111.703
-111.666
-111.538
-111.7
-111.682
-111.409
-111.596
-111.706
-111.704
-111.664
-111.654
-111.603
-111.881
-111.656
-111.971
-112.069
-111.894
-111.723
-112.139
-111.994
-111.651
-111.94
-111.75
-111.766
-111.873
-111.661
-111.656
-111.975
-111.538
-111.864
-111.627
-111.652
-111.76
-111.612
-111.737
-111.783
-111.659
-111.846
-111.728
-111.396
-112.115
-111.982
-111.644
-111.331
-112.055
-111.871
-111.728
-111.6
-111.7
-111.772
-111.856
-111.588
-111.532
-111.587
-111.485
-111.604
-111.602
-111.548
-111.451
-111.566
-111.641
-111.586
-111.512
-111.566
-111.686
-111.599
-111.592
-111.503
-111.54
-111.7
-111.602
-111.541
-111.65
-111.623
-111.635
-111.562
-111.882
-111.64
-111.836
-111.612
-111.53
-111.806
-111.552
-111.528
-111.749
-111.513
-111.392
-111.451
-111.55
-111.638
-111.641
-111.275
-111.393
-111.672
-111.831
-111.5
-111.473
-112.008
-111.441
-111.499
-112.157
-111.598
-111.554
-111.523
-111.734
-111.74
-111.427
-111.478
-111.703
-111.711
-111.403
-111.671
-111.594
-111.459
-111.52
-111.875
-111.583
-111.489
-111.63
-111.5
-111.605
-111.478
-111.447
-111.503
-111.468
-111.571
-111.535
-111.525
-111.439
-111.585
-111.582
-111.911
-111.601
-111.587
-112.174
-111.608
-111.549
-111.992
-111.324
-111.727
-111.822
-111.486
-111.473
-111.6
-111.848
-111.48
-111.636
-111.428
-111.844
-111.555
-111.543
-111.496
-111.542
-111.73
-111.718
-111.712
-111.504
-111.89
-111.991
-111.483
-111.789
-112.114
-111.372
-112.455
-111.586
-111.967
-112.094
-111.706
-111.702
-111.863
-111.728
-111.759
-111.758
-111.809
-111.859
-111.777
-111.659
-111.885
-111.846
-111.887
-111.842
-111.675
-112.066
-112.026
-112.078
-111.811
-112.061
-111.871
-112.054
-111.439
-111.971
-112.011
-111.876
-111.681
-111.493
-111.87
-111.906
-111.819
-111.744
-111.621
-111.702
-111.884
-111.587
-111.701
-111.835
-111.748
-111.736
-111.823
-111.65
-111.713
-111.923
-111.803
-111.587
-111.952
-111.953
-111.672
-111.771
-111.902
-111.731
-111.474
-111.861
-111.926
-111.716
-111.649
-111.611
-111.842
-111.61
-111.796
-111.98
-111.857
-111.341
-111.914
-112.117
-111.593
-111.862
-111.843
-111.766
-111.956
-111.825
-111.813
-111.737
-111.699
-112.014
-112.023
-111.772
-111.819
-111.929
-111.948
-111.778
-111.842
-111.776
-111.889
-111.976
-111.686
-111.847
-111.873
-111.597
-112.076
-112.046
-111.5
-111.756
-111.89
-111.908
-111.892
-111.64
-111.822
-111.812
-111.69
-111.845
-111.812
-111.826
-111.827
-111.769
-111.813
-111.337
-111.961
-111.883
-111.739
-111.491
-111.681
-111.782
-111.88
-111.706
-111.312
-111.742
-111.922
-111.589
-111.851
-111.924
-111.544
-111.792
-111.894
-111.635
-111.843
-111.498
-111.712
-111.568
-111.796
-111.6
-111.478
-111.532
-111.87
-111.473
-111.657
-111.568
-111.767
-111.499
-111.369
-111.667
-111.517
-111.605
-111.497
-111.427
-111.536
-111.512
-111.416
-111.723
-111.551
-111.39
-111.603
-111.674
-111.674
-111.706
-111.613
-111.576
-111.374
-111.909
-111.463
-111.77
-111.646
-111.785
-111.482
-111.355
-111.704
-111.662
-111.44
-111.568
-111.501
-111.365
-111.505
-111.505
-111.574
-111.559
-111.607
-111.62
-111.346
-111.638
-111.786
-111.853
-111.451
-111.523
-112.002
-111.769
-111.38
-111.897
-111.57
-111.78
-111.61
-111.654
-111.595
-111.392
-111.525
-111.686
-111.518
-111.516
-111.549
-111.45
-111.465
-111.708
-111.651
-111.489
-111.47
-111.533
-111.58
-111.628
-111.635
-111.568
-111.818
-111.383
-111.527
-111.749
-111.75
-111.505
-111.651
-111.818
-111.263
-111.559
-111.653
-111.586
-111.453
-111.485
-111.582
-111.49
-111.42
-111.509
-111.606
-111.574
-111.365
-111.59
-111.721
-111.581
-111.568
-111.608
-111.717
-111.532
-111.489
-111.62
-111.677
-111.495
-111.568
-111.607
-111.222
-111.667
-111.651
-111.358
-111.592
-111.53
-111.464
-111.508
-111.541
-111.578
-111.478
-111.735
-111.384
-111.621
-111.7
-111.269
-111.696
-111.608
-111.548
-111.818
-111.713
-111.36
-111.684
-111.86
-111.635
-111.728
-111.507
-112.14
-111.802
-111.636
-111.707
-111.82
-111.705
-111.669
-111.68
-111.614
-111.451
-111.6
-111.775
-111.446
-111.833
-111.464
-111.56
-111.843
-111.79
-111.454
-112.057
-111.66
-111.697
-111.983
-111.524
-111.835
-112.092
-111.973
-111.47
-111.588
-111.793
-111.771
-111.664
-111.66
-111.598
-111.662
-111.693
-111.802
-111.986
-111.486
-111.792
-112.365
-111.698
-111.803
-111.9
-112.083
-111.751
-111.64
-111.878
-111.958
-111.623
-111.702
-111.842
-111.861
-111.72
-111.817
-111.901
-111.687
-111.773
-111.735
-111.752
-111.92
-111.612
-111.765
-111.604
-111.74
-111.725
-111.617
-111.764
-111.771
-111.477
-111.724
-112.11
-111.8
-111.723
-111.996
-111.877
-112.005
-112.087
-111.801
-112.06
-112.011
-111.739
-111.91
-111.729
-111.687
-111.756
-111.791
-111.87
-111.741
-111.611
-111.722
-111.672
-111.764
-111.806
-111.793
-112.019
-111.556
-111.734
-111.892
-111.963
-111.703
-111.55
-112.034
-111.999
-111.943
-111.05
-112.315
-111.761
-111.704
-111.853
-111.647
-111.827
-111.701
-111.591
-111.855
-111.726
-111.655
-111.656
-111.826
-111.756
-111.706
-111.887
-111.342
-111.874
-111.946
-111.518
-111.782
-111.549
-111.86
-111.796
-111.548
-111.7
-111.665
-111.708
-111.695
-111.689
-111.448
-111.621
-111.893
-111.708
-111.658
-111.631
-111.574
-111.707
-111.64
-111.749
-111.756
-111.594
-111.494
-111.746
-111.847
-111.534
-111.506
-111.657
-111.865
-111.949
-111.665
-111.525
-111.744
-111.903
-111.692
-111.707
-111.452
-111.746
-112.04
-111.966
-111.622
-111.547
-111.916
-111.703
-111.497
-111.739
-111.758
-111.909
-111.57
-111.405
-111.86
-111.873
-111.689
-111.422
-112.052
-111.618
-111.813
-111.78
-111.867
-111.664
-111.78
-111.515
-111.685
-111.815
-111.606
-111.785
-111.529
-111.712
