-127.028
-126.159
-126.09
-126.671
-126.13
-126.133
-126.704
-126.539
-126.277
-126.184
-125.971
-126.018
-126.069
-125.974
-125.97
-126.003
-125.987
-125.958
-125.942
-125.929
-125.912
-125.931
-125.974
-125.925
-125.874
-125.957
-126.071
-126.101
-126.005
-125.798
-125.966
-126.199
-126.156
-125.981
-125.884
-125.958
-126.081
-126.07
-126.087
-126.094
-126.108
-126.055
-125.879
-125.881
-126.181
-126.21
-126.016
-125.984
-126.101
-126.082
-126.019
-126.016
-126.065
-126.045
-126.12
-126.108
-125.932
-126.33
-126.024
-125.827
-126.215
-126.37
-126.118
-126.038
-126.174
-126.154
-126.136
-126.034
-126.232
-126.103
-125.866
-126.009
-126.126
-126.22
-126.208
-125.865
-125.891
-126.085
-126.098
-126.063
-126.007
-125.847
-126.061
-126.036
-126.096
-126.064
-126.094
-125.983
-125.917
-126.08
-126.138
-126.057
-125.899
-125.952
-126.086
-126.141
-126.138
-126.143
-126.068
-125.952
-126.167
-126.21
-125.988
-125.948
-126.326
-126.253
-126.155
-126.207
-125.981
-126.032
-126.323
-126.139
-126.077
-126.013
-125.893
-126.047
-126.231
-126.147
-125.966
-125.894
-126.119
-126.1
-125.881
-125.976
-126.13
-126.174
-126.072
-125.821
-125.92
-126.135
-126.072
-125.992
-125.987
-126.063
-126.164
-126.114
-126.037
-125.959
-125.931
-126.169
-126.082
-125.97
-126.061
-126.123
-126.095
-126.203
-126.17
-126.055
-125.866
-125.951
-126.038
-126.062
-126.198
-126.199
-126.163
-126.085
-125.794
-125.861
-126.189
-126.239
-126.177
-126.136
-126.123
-126.014
-125.812
-125.96
-126.115
-126.166
-126.166
-126.08
-125.858
-125.964
-126.099
-126.141
-126.075
-126.041
-126.037
-125.939
-125.967
-126.139
-126.189
-126.067
-125.944
-126.043
-126.128
-126.076
-125.976
-125.998
-126.107
-126.155
-126.141
-126.023
-125.827
-125.934
-126.059
-126.135
-126.023
-125.931
-125.984
-126.028
-126.035
-126.01
-125.93
-125.88
-125.969
-126.134
-126.179
-126.055
-125.938
-126.021
-126.157
-126.175
-126.069
-125.953
-125.932
-126.105
-126.324
-126.279
-126.124
-125.921
-126.043
-126.092
-126.291
-126.335
-125.989
-125.989
-126.208
-126.166
-126.046
-126.22
-126.106
-126
-126.018
-126.185
-126.202
-125.996
-125.901
-126.066
-126.282
-126.165
-125.885
-125.975
-126.261
-126.014
-125.887
-126.092
-126.143
-126.141
-126.005
-125.898
-125.958
-126.054
-126.091
-126.074
-126.028
-125.987
-126.001
-125.974
-125.952
-126.021
-126.092
-126.047
-125.962
-126.089
-126.175
-125.806
-126.034
-126.159
-126.11
-126.042
-125.985
-126.004
-126.074
-126.004
-125.97
-125.998
-126.086
-126.07
-125.985
-126.04
-126.009
-125.978
-126.075
-126.105
-126.089
-126.046
-125.78
-126.109
-126.193
-125.949
-126.085
-126.216
-125.99
-125.885
-126.196
-126.125
-125.965
-125.979
-126.018
-126.06
-126.109
-126.113
-126.128
-125.982
-126.02
-126.159
-126.128
-125.967
-126.165
-125.969
-126.122
-126.233
-126.064
-125.998
-126.052
-126.052
-126.064
-126.101
-126.027
-126.038
-126.411
-125.875
-125.973
-126.235
-126.091
-126.054
-125.952
-125.978
-126.081
-126.006
-125.852
-125.999
-126.093
-125.982
-125.976
-126.1
-126.145
-126.016
-125.834
-125.959
-126.14
-126.05
-126.058
-126.175
-126.028
-125.884
-126.169
-126.078
-126.177
-126.106
-125.947
-126.084
-126.153
-126.082
-125.889
-125.845
-125.977
-126.075
-126.105
-126.036
-125.931
-125.995
-126.079
-125.932
-125.955
-126.1
-126.084
-125.944
-125.97
-126.042
-126.087
-126.051
-126.024
-125.966
-126.058
-126.056
-125.969
-126.084
-126.07
-125.923
-126.314
-126.33
-125.863
-125.662
-126.382
-126.478
-125.967
-125.77
-126.129
-126.224
-126.135
-125.902
-126.006
-125.923
-125.907
-126.006
-126.034
-125.98
-125.917
-125.912
-125.951
-126.016
-126.023
-125.967
-126.006
-126.077
-126.095
-126.095
-126.025
-125.822
-125.992
-126.218
-126.154
-126.065
-125.998
-125.945
-126.164
-126.171
-125.996
-125.939
-126.213
-126.132
-126.003
-126.053
-125.902
-126.195
-126.244
-125.975
-126.152
-126.052
-125.947
-125.94
-126.071
-126.096
-126.022
-125.917
-125.873
-126.119
-126.294
-125.9
-126.119
-126.173
-125.992
-125.939
-125.974
-126.04
-126.06
-126.081
-125.93
-126.039
-126.186
-126.085
-125.948
-125.966
-126.052
-126.046
-126.018
-126.085
-126.088
-126.065
-125.927
-125.835
-126.062
-126.059
-126.045
-125.965
-126.005
-126.112
-126.108
-125.955
-125.904
-125.987
-125.951
-126.053
-126.207
-126.027
-125.834
-126.004
-125.997
-125.991
-126.057
-125.934
-125.941
-126.1
-126.136
-126.078
-125.908
-126.168
-126.257
-126.27
-125.936
-125.901
-126.268
-126.311
-126.093
-126.164
-126.191
-126.072
-125.987
-126.325
-126.07
-125.915
-126.134
-126.155
-126.043
-126.066
-126.08
-125.954
-125.981
-126.033
-126.031
-126.182
-126.118
-125.844
-125.952
-126.103
-126.005
-125.924
-126.049
-126.092
-125.97
-125.811
-125.905
-126.097
-126.129
-125.988
-125.83
-125.946
-126.042
-126.029
-125.999
-126.037
-126.079
-126.01
-125.963
-125.925
-126.07
-126.092
-126.067
-125.945
-125.905
-126.063
-126.183
-126.108
-125.962
-126.014
-125.953
-125.984
-126.077
-126.101
-126.098
-126.087
-125.822
-126.02
-126.179
-126.068
-126.049
-126.008
-125.962
-126.125
-126.093
-126.046
-125.946
-125.857
-126.168
-126.258
-126.013
-125.916
-126.037
-126.118
-126.13
-126.085
-126.131
-126.069
-125.885
-125.848
-126.094
-126.068
-126.002
-126.044
-126.043
-125.988
-125.948
-125.948
-125.944
-125.975
-126.025
-125.993
-125.955
-126.013
-126.021
-125.874
-126.234
-126.174
-125.913
-125.934
-126.118
-126.064
-125.917
-125.97
-126.01
-125.985
-126.011
-126.011
-125.889
-125.942
-125.967
-125.948
-126.05
-126.065
-126.008
-126.077
-126.032
-125.813
-125.838
-126.083
-126.159
-126.067
-125.968
-126.042
-126.051
-126.014
-126.056
-125.996
-126.133
-126.031
-125.938
-125.92
-126.029
-126.148
-126.023
-125.921
-126.065
-126.122
-126.084
-126.043
-125.972
-125.915
-126.071
-126.218
-126.166
-125.842
-125.823
-126.225
-126.255
-126.168
-125.947
-125.69
-126.207
-126.077
-126.049
-125.986
-125.932
-125.997
-126.012
-126.032
-126.041
-125.961
-125.938
-125.997
-125.962
-125.949
-126.118
-126.124
-125.916
-125.917
-125.959
-126.014
-126.061
-125.961
-125.958
-126.133
-126.087
-125.873
-125.905
-126.072
-126.102
-126.03
-125.963
-125.991
-126.211
-126.241
-126.037
-125.902
-125.864
-126.016
-126.185
-126.14
-126.108
-126.145
-126.137
-126.018
-126.032
-125.999
-126.053
-125.965
-126.101
-126.25
-126.167
-126.016
-125.869
-125.887
-126.012
-126.027
-125.997
-125.985
-126.012
-126.043
-125.996
-125.905
-125.903
-125.948
-125.96
-125.977
-125.972
-125.924
-125.834
-125.969
-126.07
-126.127
-126.03
-125.958
-125.984
-125.848
-125.866
-126.021
-126.072
-126.044
-125.997
-125.928
-126.063
-126.075
-125.994
-125.918
-125.898
-126.004
-125.993
-126.017
-126.073
-126.149
-125.916
-125.95
-125.934
-126.117
-126.41
-126.227
-125.976
-125.791
-126.226
-126.124
-126.023
-125.965
-126.011
-126.068
-126.051
-125.917
-125.915
-126.052
-125.985
-125.99
-126.066
-126.037
-126.008
-125.876
-125.852
-126.003
-126.068
-126.039
-126.02
-125.86
-125.808
-126.05
-126.18
-126.126
-125.788
-125.78
-126.237
-126.196
-126.013
-125.911
-126.043
-126.023
-125.951
-125.932
-125.976
-125.99
-126.057
-125.894
-125.995
-126.031
-125.975
-126.034
-125.924
-125.831
-126.028
-126.019
-125.973
-126.011
-126.053
-126.113
-125.929
-125.913
-126.226
-125.9
-125.891
-126.101
-126.076
-126.011
-125.981
-125.943
-125.814
-125.842
-126.004
-126.026
-126.021
-126.055
-125.91
-125.71
-125.925
-126.184
-126.177
-125.913
-126.107
-126.244
-126.081
-125.894
-126.101
-126.387
-126.148
-125.887
-125.976
-126.121
-126.118
-125.954
-125.922
-126.064
-126.082
-125.869
-125.903
-126.011
-126.12
-126.075
-125.775
-125.921
-126.068
-126.019
-125.974
-125.906
-125.873
-125.965
-126.114
-125.707
-126.079
-126.243
-126.052
-125.969
-125.888
-125.872
-126.079
-126.12
-125.983
-126.029
-126.11
-126.053
-125.91
-125.974
-126.097
-126.04
-125.851
-125.838
-126.016
-126.146
-126.142
-126.022
-125.877
-125.9
-126.111
-126.28
-126.193
-125.826
-126.058
-126.14
-126.05
-126.092
-126.171
-126.042
-125.948
-125.999
-126.09
-126.066
-125.916
-125.965
-125.948
-125.967
-126.039
-126.07
-126.022
-126.094
-126.017
-125.85
-125.923
-126.245
-126.157
-125.997
-125.996
-126.052
-126.069
-125.804
-125.912
-126.185
-126.16
-126.018
-125.93
-125.921
-125.935
-125.936
-125.938
-126.015
-126.024
-125.981
-125.935
-125.921
-125.906
-125.95
-125.953
-125.943
-125.956
-125.998
-125.989
-125.937
-125.865
-125.902
-126.007
-126.079
-125.984
-125.931
-126.073
-125.955
-126.114
-125.858
-126.258
-126.237
-125.98
-125.959
-126.141
-126.134
-125.888
-126.01
-126.216
-126.201
-126.036
-125.898
-126.037
-126.321
-126.214
-125.863
-125.882
-126.143
-126.264
-126.153
-125.72
-125.929
-126.1
-126.104
-126.067
-126.025
-125.967
-126.03
-125.966
-125.838
-125.948
-126.011
-126.035
-126.033
-125.967
-125.869
-125.82
-125.924
-126.007
-125.96
-125.952
-125.974
-125.955
-125.963
-125.924
-126.009
-126.009
-126.015
-126.073
-126.036
-125.981
-125.933
-125.981
-125.995
-125.996
-126.048
-126.025
-125.998
-126.055
-126.009
-125.902
-126.083
-126.133
-126.019
-125.972
-125.953
-125.998
-126.036
-126.038
-125.994
-126.019
-126.171
-126.125
-125.943
-126.046
-126.041
-125.925
-125.922
-126.054
-126.11
-126.004
-125.808
-126.012
-126.182
-126.251
-126.067
-125.921
-125.961
-125.925
-126.065
-126.18
-126.138
-126.018
-126.002
-125.877
-125.991
-126.009
-126.036
-126.052
-125.97
-125.968
-126.055
-126.048
-125.821
-125.89
-126.099
-126.129
-126.118
-126.039
-125.815
-125.959
-126.286
-126.238
-125.842
-125.973
-126.029
-126.118
-126.282
-126.208
-125.941
-126.149
-125.861
-125.896
-126.107
-126.216
-126.278
-126.018
-125.703
-126.053
-126.109
-126.035
-126.078
-126.08
-126.027
-125.834
-126.205
-126.069
-125.991
-126.002
-126.041
-125.947
-125.943
-126.054
-126.194
-126.415
-125.972
-125.71
-126.287
-126.337
-126.069
-125.991
-125.96
-126.055
-126.072
-126.012
-126.005
-125.958
-125.918
-125.877
-125.933
-126.057
-125.84
-126.097
-126.131
-125.914
-125.869
-125.973
-125.955
-125.922
-125.879
-125.935
-125.977
-126.027
-126.017
-125.883
-125.86
-125.929
-125.946
-125.932
-125.937
-125.981
-125.959
-126.034
-126.088
-126.002
-125.849
-125.961
-126.081
-126.117
-126.012
-125.959
-125.976
-125.868
-125.925
-126.01
-126.038
-126.135
-126.132
-125.882
-125.85
-125.976
-126.066
-126.056
-125.996
-126.026
-126.096
-125.987
-125.903
-125.973
-126.041
-126.022
-126.096
-126.15
-126.028
-125.848
-125.889
-126.058
-126.183
-126.193
-126.113
-125.856
-125.911
-126.084
-126.153
-125.991
-125.954
-126.046
-125.95
-125.976
-126.102
-126.128
-125.869
-125.712
-126.069
-126.077
-125.885
-125.992
-126.016
-125.895
-125.887
-125.976
-125.984
-125.924
-125.986
-126.045
-125.934
-125.937
-125.98
-126.003
-126.052
-126.077
-126.111
-126.006
-126.115
-126.018
-125.891
-126.029
-126.15
-126.182
-125.976
-125.897
-126.02
-126.135
-126.069
-126.085
-126.051
-125.964
-126.174
-126.099
-125.794
-125.844
-126.275
-126.204
-126.048
-126.284
-125.891
-125.775
-126.19
-126.13
-125.903
-125.884
-126.195
-126.178
-125.789
-126.219
-126.007
-125.869
-125.925
-126.086
-125.994
-125.884
-125.961
-126.038
-126.079
-125.97
-125.909
-125.937
-125.908
-126.001
-126.072
-125.725
-126.006
-126.05
-126.005
-126.062
-125.927
-125.851
-126.016
-125.961
-125.967
-126.024
-125.941
-125.867
-125.954
-126.03
-126.007
-125.858
-125.956
-126.023
-125.89
-125.815
-125.902
-126.004
-126.147
-126.004
-125.701
-125.94
-126.057
-126.086
-125.944
-125.734
-125.821
-125.986
-126.01
-125.993
-125.992
-125.982
-125.86
-125.795
-125.88
-125.913
-125.99
-126.028
-125.987
-125.95
-125.924
-125.904
-125.979
-125.916
-125.872
-125.964
-125.954
-125.987
-126.143
-125.91
-125.766
-126.083
-126.188
-126.012
-125.898
-125.871
-125.885
-125.963
-125.952
-125.88
-125.886
-125.936
-126.023
-126.07
-125.853
-126.016
-125.976
-125.956
-126.027
-125.859
-125.846
-126.003
-126.077
-126.089
-125.986
-125.871
-126.043
-126.008
-125.89
-126.111
-126.082
-125.933
-125.962
-126.008
-126.042
-125.965
-125.824
-125.904
-125.938
-125.946
-125.989
-126.018
-125.976
-125.84
-125.849
-125.86
-125.893
-126.009
-126.015
-125.946
-125.906
-125.89
-125.937
-125.96
-125.908
-125.893
-125.904
-125.94
-125.956
-125.962
-126.027
-126.01
-125.832
-125.835
-125.984
-126.031
-125.965
-125.881
-125.995
-125.99
-125.901
-125.94
-125.956
-125.899
-125.967
-126.084
-125.992
-126.025
-125.963
-125.909
-125.947
-126.036
-126.098
-126.006
-125.854
-125.83
-125.915
-125.933
-125.944
-125.927
-125.998
-126.003
-125.875
-125.877
-125.922
-125.916
-125.991
-125.934
-125.852
-125.883
-125.985
-126.055
-126.101
-125.847
-125.84
-126.002
-126.085
-126.024
-125.949
-126.049
-125.91
-125.955
-125.971
-125.952
-126.038
-126.037
-125.884
-125.906
-126.02
-126.009
-125.928
-125.88
-125.882
-125.935
-125.966
-126.069
-126.039
-125.927
-125.774
-126.013
-126.223
-126.052
-125.888
-125.975
-125.977
-125.889
-126.047
-126.098
-125.929
-125.838
-126.078
-125.956
-125.9
-125.909
-125.907
-125.945
-125.923
-125.977
-125.978
-125.914
-125.868
-125.931
-125.985
-125.93
-125.852
-125.946
-125.983
-126.006
-125.994
-125.87
-125.937
-125.92
-125.827
-125.89
-125.958
-125.897
-125.875
-125.95
-126.012
-125.981
-125.765
-125.934
-126.018
-125.967
-125.958
-125.987
-125.896
-125.724
-126.08
-126.111
-125.882
-126.005
-126.014
-126.09
-125.933
-125.811
-125.858
-125.912
-126.026
-126.076
-125.97
-125.843
-125.837
-125.997
-126.016
-125.912
-125.93
-125.982
-125.964
-125.794
-125.989
-126.03
-126.039
-125.803
-125.724
-125.939
-125.968
-125.91
-125.872
-125.988
-126.049
-126.009
-125.937
-125.837
-125.809
-125.948
-126.004
-126.024
-125.997
-125.905
-126
-126.074
-125.992
-125.853
-126.033
-126.141
-125.926
-125.861
-125.973
-126.126
-126.045
-125.943
-125.881
-125.879
-125.965
-126.03
-125.968
-125.893
-126.038
-125.874
-125.846
-126.023
-126.002
-126.06
-125.944
-125.953
-125.992
-125.884
-125.779
-126.014
-126.148
-125.963
-125.848
-125.905
-125.96
-126.01
-125.887
-125.949
-126.042
-126.058
-125.898
-125.865
-125.933
-125.947
-125.94
-125.951
-125.951
-125.888
-125.855
-125.939
-126.078
-126.122
-125.833
-125.885
-126.107
-126.043
-125.872
-125.91
-126.028
-126.052
-125.948
-125.873
-126.108
-126.08
-125.632
-126.091
-126.203
-126.091
-125.784
-125.77
-125.989
-126.039
-125.834
-125.841
-125.994
-126.021
-125.979
-126.011
-125.943
-125.868
-125.886
-125.983
-126.112
-126.07
-125.824
-125.838
-125.935
-126.022
-126.008
-125.993
-125.96
-125.855
-125.965
-126.084
-125.941
-125.955
-126.156
-125.977
-125.916
-126.091
-126.049
-125.862
-125.869
-126.044
-125.944
-125.825
-125.916
-125.916
-125.953
-125.958
-125.936
-125.938
-125.859
-125.807
-125.88
-125.922
-125.936
-125.932
-125.946
-125.963
-126.033
-125.823
-125.685
-126.062
-126.075
-126.015
-125.934
-125.913
-125.931
-125.933
-125.947
-125.902
-125.908
-126.037
-125.896
-125.709
-126.003
-125.984
-125.898
-125.866
-125.906
-125.921
-125.838
-125.76
-125.963
-126.03
-125.909
-125.841
-125.974
-126.108
-125.901
-125.693
-125.987
-126.069
-125.989
-126.108
-126.121
-125.9
-125.838
-126.071
-125.955
-125.888
-126.045
-125.984
-125.958
-126.039
-125.972
-125.862
-125.734
-125.858
-125.969
-125.945
-125.876
-125.84
-125.888
-125.938
-125.973
-125.941
-125.839
-125.85
-125.938
-126.032
-125.946
-126.035
-126.147
-125.916
-125.93
-126.047
-126.207
-125.877
-125.987
-125.947
-126.022
-126.091
-126.036
-125.967
-125.804
-125.834
-126.044
-126.051
-126.117
-125.997
-125.784
-125.994
-125.997
-125.968
-126.001
-125.942
-125.897
-125.918
-125.844
-125.904
-125.991
-125.971
-125.805
-125.787
-125.93
-126.019
-126.034
-125.932
-125.748
-125.83
-125.964
-126.082
-126.035
-125.894
-125.938
-126.042
-125.957
-125.943
-126.188
-126.083
-125.987
-125.951
-125.981
-125.996
-126.04
-126.1
-126.064
-126.017
-125.923
-125.836
-125.869
-125.972
-126.051
-126.019
-125.964
-125.888
-125.85
-125.917
-125.96
-125.928
-125.937
-126.004
-125.828
-125.891
-126.099
-125.992
-125.767
-125.832
-125.924
-125.996
-125.992
-125.899
-125.965
-125.948
-125.882
-125.975
-126.033
-125.956
-125.903
-125.907
-125.876
-125.859
-125.907
-125.862
-125.911
-125.958
-125.948
-125.923
-125.947
-125.997
-125.784
-125.818
-126.078
-126.053
-126.016
-125.843
-125.794
-125.89
-126.007
-125.996
-125.863
-125.899
-126.006
-125.914
-125.861
-125.859
-125.88
-125.987
-125.99
-125.934
-125.913
-125.99
-125.966
-125.889
-125.807
-125.947
-126.05
-126.078
-126.009
-125.803
-125.877
-125.936
-125.918
-126.009
-126.026
-125.898
-125.779
-125.896
-126.012
-125.971
-125.891
-125.86
-125.862
-125.864
-125.935
-125.912
-125.863
-125.907
-125.989
-126.013
-125.959
-125.872
-125.923
-125.89
-125.865
-126.021
-126.062
-126.06
-126.027
-125.871
-125.906
-126.002
-126.116
-126.175
-125.953
-125.852
-125.882
-125.964
-125.955
-125.951
-125.952
-125.906
-125.895
-125.908
-125.914
-125.943
-125.972
-125.806
-125.832
-125.989
-125.945
-125.872
-125.859
-125.958
-125.908
-125.872
-125.934
-126.029
-126.114
-125.953
-125.868
-126.028
-126.113
-126.079
-125.945
-125.858
-126.007
-126.116
-126.108
-126.021
-125.887
-125.839
-126.004
-126.059
-125.944
-125.742
-125.867
-126.017
-125.975
-125.939
-125.924
-125.888
-125.809
-125.896
-125.999
-125.985
-125.971
-125.862
-125.742
-125.905
-126.041
-126.067
-125.991
-125.847
-125.928
-126.06
-126.131
-125.924
-125.774
-126.173
-126.031
-125.871
-126.126
-126.008
-125.879
-125.968
-125.934
-125.953
-125.924
-125.888
-125.934
-125.912
-125.872
-125.907
-125.942
-125.959
-125.905
-125.896
-125.919
-125.83
-125.818
-125.934
-125.995
-125.91
-125.858
-125.914
-125.955
-126.062
-125.953
-125.827
-126.044
-126.025
-126.044
-126.14
-125.983
-126
-126.05
-125.964
-125.794
-125.9
-126.117
-126.262
-126.249
-125.893
-125.816
-126.073
-126.186
-126.105
-126.057
-125.878
-125.854
-126.014
-125.983
-125.901
-125.974
-126.095
-125.92
-125.828
-125.92
-125.907
-125.923
-125.95
-125.924
-125.886
-125.923
-125.868
-125.807
-125.913
-125.975
-125.902
-125.807
-125.834
-125.868
-125.879
-125.912
-125.944
-125.912
-125.913
-125.965
-125.971
-125.909
-125.836
-125.93
-125.989
-125.954
-125.928
-126.006
-126.033
-125.85
-125.856
-125.999
-125.943
-125.881
-126.059
-126.175
-125.983
-125.881
-125.921
-125.877
-126.084
-126.129
-126.015
-125.822
-125.868
-126.067
-126.023
-125.896
-125.83
-125.906
-126.022
-126.007
-125.859
-125.856
-125.95
-125.965
-126.054
-126.056
-125.903
-125.808
-125.953
-125.969
-126.041
-126.082
-125.905
-125.88
-126.009
-126.022
-125.872
-126.112
-125.976
-125.921
-126.045
-126.016
-126.029
-126.032
-125.894
-125.92
-126.009
-126.146
-126.03
-125.95
-125.845
-125.963
-126.095
-125.999
-125.895
-125.997
-125.984
-125.811
-126.094
-126.129
-125.913
-125.79
-125.881
-125.985
-125.977
-125.906
-125.873
-125.935
-126.006
-126.03
-125.881
-125.823
-125.931
-126.081
-126.027
-125.985
-126.031
-125.971
-125.813
-126.144
-126.007
-126.081
-126.026
-125.878
-125.914
-126.106
-125.934
-125.886
-125.97
-126.023
-125.933
-125.915
-125.996
-125.95
-125.881
-125.874
-125.928
-126.012
-125.972
-125.88
-125.958
-126.018
-125.929
-125.894
-126.125
-125.931
-125.855
-125.923
-125.988
-125.944
-125.799
-125.863
-126.034
-125.994
-125.856
-125.908
-125.966
-125.983
-125.921
-125.785
-125.841
-126.065
-126.075
-125.921
-125.864
-125.966
-125.951
-126.007
-126.08
-125.937
-125.773
-125.978
-125.978
-125.977
-125.991
-126.033
-126
-125.723
-125.845
-126.036
-126.07
-126.015
-125.835
-125.916
-126.069
-126.07
-126.067
-125.93
-125.819
-126.037
-126.08
-125.975
-125.813
-125.983
-126.127
-126.012
-125.872
-125.836
-125.995
-126.059
-125.969
-126.001
-125.924
-125.698
-125.809
-126.076
-126.101
-125.961
-125.905
-125.883
-125.853
-125.882
-125.947
-126.001
-125.923
-125.828
-125.875
-125.988
-126.038
-125.988
-125.867
-125.784
-125.989
-126.175
-126.089
-125.844
-125.917
-126.039
-125.956
-125.767
-125.909
-126.068
-125.981
-125.87
-125.929
-125.955
-125.955
-125.923
-125.936
-125.963
-125.861
-125.902
-125.899
-126.013
-125.981
-126.021
-125.925
-125.774
-126.068
-126.106
-126.052
-125.729
-125.904
-126.049
-125.976
-125.887
-125.848
-125.956
-126.053
-125.985
-126.01
-125.897
-126.131
-126.151
-125.82
-126.042
-126.181
-126.085
-126.022
-125.875
-125.811
-126.081
-126.099
-125.972
-125.809
-125.901
-126.048
-125.991
-125.945
-125.936
-125.866
-125.884
-125.951
-125.925
-125.981
-125.963
-125.815
-125.913
-125.914
-125.922
-125.956
-125.948
-125.864
-125.858
-125.936
-125.99
-125.952
-125.89
-125.909
-125.824
-126.08
-126.134
-125.968
-125.971
-125.964
-125.855
-125.933
-125.94
-125.929
-125.945
-126.062
-125.998
-125.855
-125.945
-126.097
-125.948
-125.801
-126.072
-126.135
-126.068
-125.999
-125.839
-125.8
-125.929
-125.985
-125.985
-125.887
-125.794
-125.901
-126.004
-125.938
-125.87
-125.887
-125.892
-125.834
-125.897
-125.963
-125.881
-125.952
-126.069
-125.974
-125.796
-126.022
-125.994
-125.955
-125.898
-125.801
-125.961
-126.078
-126.063
-125.973
-125.846
-125.816
-125.901
-125.964
-125.944
-125.894
-125.995
-125.982
-125.807
-125.778
-125.943
-125.95
-125.843
-125.829
-125.866
-125.842
-125.874
-125.925
-125.932
-125.909
-125.899
-125.944
-125.904
-125.842
-125.94
-125.992
-126.006
-125.982
-125.895
-125.889
-125.995
-125.952
-125.956
-126.01
-125.97
-125.831
-125.812
-125.942
-126.054
-126.017
-126.016
-125.935
-125.819
-125.845
-126.151
-126.157
-125.701
-125.954
-126.001
-125.958
-125.9
-125.95
-126.024
-126.018
-125.878
-125.821
-126.033
-126.006
-125.807
-125.979
-126.113
-126.063
-126.009
-126.087
-125.9
-125.979
-125.763
-125.852
-126.137
-126.14
-125.932
-125.667
-125.921
-126.044
-125.918
-125.872
-125.957
-125.976
-125.922
-125.942
-125.892
-125.836
-125.915
-125.935
-125.995
-126.008
-125.586
-125.953
-126.071
-125.999
-125.916
-125.827
-125.83
-125.858
-125.879
-125.9
-125.918
-125.854
-125.755
-125.877
-125.951
-125.968
-126.018
-125.831
-125.886
-125.871
-125.863
-126.008
-125.893
-125.846
-125.944
-125.955
-125.971
-125.959
-125.898
-125.809
-125.753
-125.858
-126.004
-125.962
-125.879
-125.87
-125.915
-125.926
-125.921
-125.95
-125.948
-125.893
-125.946
-125.983
-125.858
-125.947
-126.087
-126.117
-126.037
-125.892
-125.875
-125.959
-125.957
-125.816
-125.948
-126.257
-126.12
-125.696
-126.036
-126.231
-126.113
-125.771
-125.737
-125.96
-125.992
-125.943
-125.88
-125.854
-125.863
-125.866
-125.853
-125.837
-125.796
-125.926
-125.991
-125.921
-125.82
-125.835
-125.881
-125.94
-126.061
-125.912
-125.8
-126.032
-125.964
-125.909
-125.937
-125.906
-126.011
-126.042
-125.963
-125.881
-125.91
-126.151
-126.051
-125.882
-125.946
-126.126
-126.083
-125.839
-125.937
-126.07
-125.966
-125.829
-125.843
-125.982
-126.013
-125.987
-125.905
-125.788
-125.825
-125.94
-125.984
-125.913
-125.839
-125.836
-125.921
-125.993
-125.953
-125.807
-125.798
-125.914
-125.987
-125.908
-125.76
-125.92
-125.974
-125.944
-125.9
-125.842
-125.815
-125.888
-126.014
-126.018
-125.837
-125.869
-126.037
-126.134
-125.971
-125.87
-125.908
-125.788
-126.03
-126.028
-125.95
-125.974
-125.941
-125.845
-125.869
-125.881
-125.939
-125.949
-125.882
-125.839
-125.855
-125.912
-125.881
-125.897
-125.965
-125.846
-125.853
-125.878
-125.907
-125.948
-125.936
-125.876
-125.811
-125.789
-125.848
-125.965
-125.972
-125.862
-125.947
-126.074
-126.018
-125.973
-125.835
-126.122
-126.168
-125.903
-126.071
-126.076
-126.02
-125.961
-125.997
-125.935
-125.954
-126.05
-125.987
-125.948
-125.906
-126.067
-126.179
-125.972
-125.764
-125.795
-125.918
-126.083
-126.019
-125.882
-125.941
-125.897
-125.886
-125.998
-125.927
-125.762
-125.869
-125.896
-125.907
-125.964
-125.93
-125.788
-125.896
-126.054
-125.887
-125.78
-125.929
-126.058
-126.09
-125.961
-125.809
-125.977
-125.978
-125.83
-125.973
-126.025
-125.957
-125.891
-125.852
-125.905
-125.965
-125.946
-125.929
-125.948
-125.882
-125.778
-125.906
-125.97
-125.829
-125.927
-125.963
-125.985
-125.9
-125.858
-125.943
-125.839
-125.817
-125.891
-125.983
-125.999
-125.815
-125.841
-126.065
-126.138
-125.979
-125.948
-126.036
-125.911
-125.84
-126.226
-126.156
-125.859
-125.952
-125.945
-126.039
-125.999
-125.861
-125.95
-125.928
-125.875
-125.96
-125.962
-125.932
-125.947
-125.927
-125.954
-125.972
-125.994
-125.98
-125.886
-125.875
-126.052
-125.863
-125.918
-125.917
-125.978
-126.054
-125.98
-125.886
-125.899
-125.859
-125.793
-125.99
-126.023
-125.934
-125.847
-125.774
-125.833
-125.899
-125.876
-125.89
-125.961
-125.974
-125.9
-125.814
-125.799
-125.854
-125.994
-126.134
-126.096
-125.964
-125.778
-125.833
-126.1
-126.055
-125.872
-126.06
-126.057
-125.912
-125.814
-125.872
-125.995
-125.965
-125.853
-125.834
-125.896
-125.931
-125.908
-125.885
-125.932
-125.949
-125.906
-125.822
-125.824
-125.898
-125.92
-125.949
-125.993
-125.948
-125.922
-125.94
-126.027
-126.053
-125.86
-125.706
-125.933
-126.042
-126.037
-125.967
-125.867
-125.916
-126.011
-125.966
-125.954
-125.939
-125.89
-126.081
-126.143
-125.901
-125.797
-125.836
-125.889
-125.993
-126.016
-125.989
-125.929
-125.811
-125.895
-125.994
-126.04
-125.948
-125.862
-126.027
-125.994
-125.958
-125.952
-125.942
-125.873
-126.003
-126.148
-126.062
-125.818
-125.878
-125.914
-125.989
-125.949
-125.967
-125.998
-125.975
-125.873
-125.885
-125.85
-125.935
-126.07
-125.967
-125.775
-125.884
-126.029
-126.026
-125.999
-125.939
-125.825
-125.826
-125.881
-125.907
-125.963
-125.953
-125.859
-125.787
-125.851
-125.982
-126.008
-125.877
-125.766
-125.87
-125.943
-125.899
-125.872
-125.954
-125.983
-125.872
-125.838
-125.902
-125.954
-125.955
-125.863
-125.841
-126.077
-126.224
-126.133
-125.358
-126.196
-126.282
-126.083
-125.96
-125.995
-125.918
-125.817
-125.992
-126.085
-125.996
-125.887
-125.905
-125.941
-125.977
-126.019
-126.078
-125.923
-125.748
-126.211
-126.021
-125.875
-125.989
-125.986
-125.973
-125.933
-125.957
-125.976
-125.916
-125.841
-125.858
-125.963
-126.006
-125.939
-125.846
-125.875
-125.97
-125.981
-125.943
-125.956
-126.017
-125.93
-125.859
-125.885
-126.051
-125.983
-125.848
-125.976
-125.976
-125.859
-125.978
-125.974
-125.783
-125.851
-125.996
-125.985
-125.924
-125.876
-125.838
-125.881
-125.923
-125.93
-125.907
-125.881
-125.894
-125.898
-125.905
-125.89
-125.856
-125.884
-126.031
-126.077
-125.975
-125.889
-125.859
-125.855
-126.091
-126.048
-125.89
-125.968
-126.064
-125.848
-125.813
-126.087
-126.05
-125.883
-125.897
-125.926
-125.881
-125.917
-125.945
-125.973
-125.985
-125.876
-125.787
-125.871
-125.924
-125.934
-125.928
-125.857
-125.902
-125.974
-125.962
-125.939
-125.902
-125.995
-125.992
-125.964
-125.993
-125.938
-125.952
-126.012
-126.08
-126.028
-125.807
-125.995
-126.153
-125.912
-125.792
-126.037
-126.137
-125.933
-125.88
-125.991
-126.098
-125.984
-125.758
-125.952
-125.956
-125.942
-125.942
-125.796
-125.879
-125.967
-125.869
-125.908
-126.02
-126.059
-125.799
-125.865
-125.971
-125.838
-125.879
-125.997
-125.926
-125.871
-125.935
-126.018
-125.923
-125.744
-125.897
-125.996
-125.954
-125.882
-125.888
-125.886
-125.872
-125.855
-125.876
-125.934
-125.955
-125.932
-125.887
-125.893
-125.98
-126.024
-125.967
-125.867
-125.938
-126.031
-125.807
-126.072
-126.122
-126.137
-125.884
-125.823
-126.013
-125.995
-125.928
-125.943
-126.025
-125.974
-125.889
-125.962
-126.037
-125.943
-125.843
-125.859
-125.913
-125.941
-125.917
-125.806
-125.818
-125.928
-125.882
-125.839
-125.907
-125.985
-125.952
-125.732
-125.757
-125.951
-126.025
-125.965
-125.827
-125.838
-125.928
-125.913
-125.978
-126.048
-125.952
-125.887
-125.911
-125.91
-126.035
-126.242
-126.091
-125.954
-126.006
-126.288
-125.77
-126.111
-126.32
-126.091
-125.918
-126.091
-126.183
-126.129
-125.79
-125.823
-126.073
-126.051
-126.006
-125.949
-125.863
-125.825
-125.911
-125.987
-125.952
-125.83
-125.829
-125.863
-125.93
-125.919
-125.839
-125.881
-125.958
-125.986
-125.915
-125.808
-125.902
-125.897
-125.86
-125.936
-125.931
-125.883
-125.876
-125.93
-125.933
-125.87
-125.823
-125.794
-125.838
-125.956
-125.979
-125.97
-125.804
-125.803
-126.027
-126.022
-126.001
-126.087
-125.947
-125.758
-126.108
-126.094
-125.838
-126.089
-126.076
-125.925
-125.949
-125.954
-125.822
-126.054
-126.133
-125.89
-125.945
-126.032
-125.921
-125.951
-126.011
-125.902
-125.984
-125.984
-125.935
-125.933
-125.987
-125.956
-125.92
-125.95
-125.786
-126.007
-126.103
-126.086
-126.003
-125.749
-125.889
-126.058
-126.071
-125.994
-125.82
-125.854
-126.01
-126.012
-126.003
-125.841
-125.884
-126.028
-126.171
-125.964
-125.605
-125.98
-126.115
-126.05
-125.978
-125.947
-125.886
-125.792
-125.886
-125.965
-125.935
-125.908
-125.912
-125.976
-125.94
-125.718
-125.802
-126.014
-126.03
-126.034
-125.955
-125.795
-125.832
-126.01
-126.003
-125.892
-125.823
-125.935
-126.059
-126.103
-126.057
-125.854
-125.936
-125.984
-125.916
-126.109
-126.161
-125.895
-125.633
-125.903
-126.026
-125.96
-125.887
-125.89
-125.92
-125.861
-125.849
-125.91
-125.975
-125.873
-125.809
-125.889
-125.952
-125.951
-125.972
-125.931
-125.837
-125.938
-125.907
-125.907
-125.887
-125.876
-125.901
-125.923
-125.936
-125.904
-125.887
-125.884
-125.921
-126.01
-126.086
-125.969
-125.832
-125.802
-125.887
-126.066
-126.074
-125.996
-125.977
-125.91
-125.774
-125.839
-125.99
-125.994
-125.937
-125.912
-125.924
-125.919
-125.827
-125.855
-125.864
-125.831
-125.951
-126.011
-125.938
-125.913
-125.886
-125.831
-125.807
-125.873
-125.944
-125.966
-125.949
-125.841
-125.797
-125.844
-125.859
-125.96
-125.991
-125.951
-125.952
-125.815
-125.743
-126.018
-126.046
-125.929
-125.818
-125.934
-126.064
-126.051
-125.957
-125.891
-125.875
-126.008
-125.975
-125.829
-126.02
-126.097
-125.914
-125.924
-126.032
-126.035
-125.859
-125.819
-125.971
-126.005
-125.94
-125.868
-125.839
-125.888
-125.938
-125.904
-125.882
-125.873
-125.848
-125.88
-125.942
-125.896
-125.846
-125.868
-125.916
-125.93
-125.946
-125.939
-125.975
-126.051
-125.975
-125.904
-125.955
-125.964
-125.994
-125.945
-125.832
-125.953
-126.056
-125.977
-125.876
-125.817
-125.851
-125.99
-126.024
-126.013
-125.873
-125.853
-125.93
-126.055
-126.045
-126.016
-126.056
-125.733
-125.801
-126.111
-126.13
-125.96
-125.831
-125.974
-126.037
-125.884
-125.88
-126.049
-125.861
-126.037
-125.992
-125.911
-126.004
-126.134
-126.153
-125.838
-125.961
-125.994
-126.005
-126.261
-126.209
-125.955
-125.923
-125.953
-125.875
-125.84
-126.003
-126.026
-125.988
-125.918
-125.834
-125.896
-125.926
-125.871
-125.906
-126.008
-125.962
-125.834
-125.821
-125.886
-125.983
-126.045
-125.892
-125.798
-126.021
-125.977
-125.893
-125.891
-125.958
-125.937
-125.865
-125.86
-125.954
-126.012
-125.951
-125.83
-125.899
-125.899
-125.896
-125.924
-125.985
-125.975
-125.886
-125.884
-126.037
-126.075
-125.852
-125.793
-126
-126.088
-126.029
-125.915
-125.967
-126.025
-125.916
-125.978
-126.018
-125.95
-126.042
-126.088
-125.942
-125.858
-126.011
-126.029
-125.944
-125.962
-126.107
-125.967
-125.915
-126.175
-125.965
-125.847
-126.096
-126.006
-125.908
-125.897
-125.836
-125.826
-125.934
-125.981
-125.914
-125.925
-126.016
-126.002
-125.758
-125.996
-125.985
-126.094
-126.088
-125.807
-125.793
-126.051
-125.974
-125.819
-126.112
-126.001
-125.932
-125.932
-125.952
-125.928
-125.849
-125.821
-125.974
-126.029
-125.91
-125.779
-125.951
-126.053
-126.001
-125.93
-125.899
-125.888
-125.896
-125.85
-125.905
-125.973
-125.916
-125.917
-125.926
-125.844
-125.784
-125.895
-126.001
-125.925
-125.844
-125.852
-125.9
-125.904
-125.917
-125.941
-125.92
-125.878
-125.889
-125.89
-125.927
-125.895
-125.902
-125.938
-126.174
-126.209
-125.839
-125.776
-126.049
-126.088
-125.956
-125.905
-125.91
-125.874
-125.976
-126.015
-125.987
-125.906
-125.896
-125.984
-125.915
-126.046
-125.833
-125.846
-126.021
-125.972
-126.001
-125.951
-125.932
-126.092
-125.907
-125.803
-125.889
-125.95
-125.968
-125.881
-125.988
-125.989
-125.954
-126.045
-125.948
-125.876
-126.019
-126.003
-125.936
-125.895
-125.855
-125.802
-125.821
-125.933
-125.994
-125.929
-125.817
-125.825
-125.884
-125.9
-125.896
-125.89
-125.886
-125.934
-125.969
-125.905
-125.875
-125.906
-125.986
-126.127
-126.107
-125.819
-125.924
-126.175
-126.009
-125.902
-126.053
-125.99
-126.058
-126.021
-125.929
-125.952
-126.018
-125.936
-125.923
-125.957
-125.945
-125.939
-125.868
-125.991
-126.024
-126.051
-126.012
-125.76
-125.907
-126.049
-125.882
-125.797
-125.862
-125.942
-125.976
-125.999
-126.027
-125.975
-125.899
-125.79
-125.823
-126.027
-126.031
-125.885
-125.832
-125.966
-126.007
-125.946
-125.874
-125.884
-125.965
-126.061
-125.885
-125.836
-126.127
-126.26
-125.586
-126.073
-126.026
-126.045
-126.031
-125.912
-125.901
-125.965
-126.017
-125.965
-125.906
-125.957
-126.148
-126.201
-125.816
-125.782
-126.106
-126.11
-125.965
-125.883
-125.877
-125.925
-125.939
-125.91
-125.898
-125.932
-125.947
-125.865
-125.841
-125.904
-125.951
-126
-125.942
-125.897
-125.848
-125.854
-125.931
-125.892
-125.866
-125.941
-126.047
-126.011
-125.742
-125.963
-126.087
-125.934
-125.933
-126.071
-126.121
-126.026
-125.808
-125.908
-126.202
-126.159
-125.949
-125.921
-126.174
-126.278
-125.701
-126.37
-126.32
-125.92
-125.954
-125.87
-126.051
-126.195
-126.09
-125.999
-125.912
-125.871
-125.965
-125.995
-125.899
-125.926
-125.966
-126.038
-125.919
-125.771
-125.837
-125.943
-126.007
-125.978
-125.872
-125.972
-125.975
-125.857
-125.916
-126.088
-126.031
-125.897
-125.934
-126.053
-125.973
-125.923
-126.018
-126.151
-126.085
-125.806
-125.958
-126.111
-126.072
-126.012
-126.018
-125.991
-125.894
-125.919
-125.891
-125.854
-125.977
-125.989
-125.985
-126
-125.998
-125.752
-125.987
-126.045
-125.938
-125.79
-125.842
-126.037
-125.976
-125.856
-125.925
-125.991
-125.98
-125.902
-125.907
-125.954
-125.993
-125.996
-125.913
-126.058
-125.995
-125.807
-126.041
-126.135
-126.112
-126.023
-125.821
-126.062
-126.098
-126.075
-126.069
-126.011
-125.694
-126.021
-126.23
-126.157
-126.13
-126.073
-125.905
-125.941
-126.066
-125.906
-126.066
-126.038
-125.966
-125.952
-125.938
-125.903
-125.861
-125.896
-125.967
-125.984
-125.947
-125.859
-125.781
-125.903
-126.103
-126.02
-125.796
-125.885
-126.14
-126.083
-125.854
-125.942
-126.082
-125.915
-125.841
-125.981
-126.067
-126.049
-125.912
-125.851
-125.953
-126.033
-125.973
-125.88
-125.913
-125.931
-125.927
-125.909
-125.843
-125.927
-125.987
-125.933
-125.883
-125.878
-125.925
-125.99
-125.932
-125.919
-125.928
-125.932
-126.007
-125.906
-125.847
-125.941
-126.036
-126.11
-126.085
-125.823
-125.845
-126.028
-126.07
-125.999
-126.013
-126.037
-126.029
-125.94
-125.868
-125.973
-126.065
-126.094
-125.885
-125.775
-125.911
-126.068
-126.044
-125.991
-125.906
-125.798
-125.867
-125.99
-125.965
-125.898
-125.906
-125.962
-126.026
-125.999
-125.891
-125.902
-125.92
-126.052
-126.338
-126.078
-125.738
-126.267
-126.019
-125.842
-125.931
-125.944
-125.958
-125.96
-125.905
-125.852
-125.846
-125.916
-125.983
-125.918
-125.844
-125.791
-125.863
-125.984
-125.975
-125.901
-125.87
-125.987
-126.057
-125.891
-125.718
-125.852
-125.946
-125.95
-125.996
-125.932
-125.854
-125.883
-126.03
-126.114
-125.843
-125.705
-126.229
-126.031
-125.771
-126.076
-126.284
-125.748
-126.217
-126.305
-125.875
-126.195
-126.335
-126.089
-126.047
-126.049
-125.873
-126.021
-126.136
-125.989
-125.962
-126.037
-125.995
-125.92
-125.878
-125.912
-125.978
-125.996
-125.926
-125.831
-125.94
-125.976
-125.837
-125.924
-126.015
-126.018
-126.024
-125.959
-125.886
-125.907
-125.866
-125.932
-126.084
-126.077
-125.871
-125.88
-126.003
-125.973
-125.922
-125.907
-125.905
-125.95
-125.99
-125.922
-125.899
-125.957
-125.976
-125.888
-125.883
-125.907
-125.973
-125.979
-125.945
-125.986
-125.97
-125.952
-125.995
-126.083
-125.951
-125.819
-125.924
-126.047
-126.075
-126.017
-125.885
-126.115
-125.939
-125.886
-126.133
-126.224
-125.971
-125.753
-125.962
-126.149
-125.912
-125.993
-126.121
-126.04
-125.828
-125.797
-126.023
-125.992
-125.962
-125.918
-125.951
-125.972
-125.956
-125.975
-125.984
-125.934
-125.973
-125.992
-125.904
-125.999
-126.059
-126.074
-125.948
-125.854
-125.913
-125.974
-125.993
-125.971
-125.886
-125.758
-125.924
-126.044
-126.008
-125.872
-125.782
-125.872
-125.958
-125.959
-125.931
-125.953
-125.965
-125.922
-125.875
-125.918
-125.947
-125.932
-125.915
-125.905
-125.899
-125.905
-125.997
-126.055
-125.95
-125.856
-125.963
-125.964
-125.927
-125.966
-125.973
-125.911
-125.998
-125.951
-125.947
-125.9
-125.92
-126.015
-126.057
-125.963
-125.84
-125.88
-125.983
-126.03
-126
-126.041
-126.073
-125.965
-125.875
-125.935
-125.976
-126.053
-126.08
-125.91
-125.871
-125.935
-126.021
-125.988
-125.928
-125.958
-125.967
-125.937
-125.898
-125.875
-125.895
-125.926
-126.01
-126.018
-125.952
-125.852
-125.846
-125.882
-125.896
-125.894
-125.909
-125.964
-125.953
-125.891
-125.881
-125.927
-125.967
-125.955
-125.918
-125.964
-125.989
-125.935
-125.93
-125.928
-125.975
-126.066
-126.019
-125.915
-126.012
-126.007
-125.947
-126.016
-126.011
-125.866
-125.913
-126.071
-126.105
-125.99
-125.888
-125.952
-125.937
-125.913
-125.924
-125.942
-125.91
-125.946
-126.022
-125.978
-125.947
-125.97
-125.865
-125.88
-125.906
-125.963
-126.011
-125.954
-125.894
-125.897
-125.925
-125.951
-126.025
-126.054
-125.872
-125.871
-125.968
-125.998
-125.993
-125.926
-125.933
-125.966
-125.95
-126.028
-125.968
-125.996
-126.1
-125.981
-126.09
-126.024
-126.028
-126.004
-125.993
-125.987
-126.053
-125.938
-125.943
-126.007
-126.022
-125.996
-125.909
-125.854
-125.907
-125.943
-125.972
-125.976
-125.929
-125.878
-125.92
-125.91
-125.897
-125.942
-126.005
-125.981
-125.89
-125.913
-125.899
-125.96
-126.049
-126.059
-125.983
-125.802
-125.888
-125.956
-125.867
-125.889
-125.959
-125.969
-125.944
-125.906
-125.854
-125.911
-126.061
-126
-126.071
-125.741
-125.967
-126.104
-126.16
-126.16
-125.978
-125.654
-126.066
-126.002
-125.963
-126.059
-126.142
-125.981
-125.712
-126.115
-125.906
-125.854
-126.135
-126.16
-126.168
-125.904
-125.791
-126.029
-126.123
-126.065
-125.885
-126.036
-126.354
-126.353
-125.519
-126.191
-126.318
-126.01
-125.93
-126.004
-126.066
-126.102
-126.027
-125.893
-125.824
-125.861
-126.146
-126.116
-126.017
-125.972
-125.95
-125.93
-125.858
-125.882
-126.043
-126.054
-125.976
-125.942
-125.933
-125.948
-125.932
-125.841
-125.878
-126.017
-126.051
-126.042
-125.879
-125.962
-125.949
-125.908
-126.061
-126.123
-126.021
-125.977
-125.982
-125.979
-126.037
-126.059
-126.019
-125.987
-126.073
-126.034
-125.987
-126.144
-125.942
-125.876
-125.98
-126.015
-126.04
-126.002
-125.91
-125.861
-125.863
-125.884
-125.943
-125.943
-125.931
-125.928
-125.946
-125.992
-125.955
-125.822
-125.862
-125.965
-125.97
-125.93
-125.967
-126.078
-126.137
-126.078
-125.917
-125.945
-126.092
-126.022
-125.935
-125.94
-126.045
-126.114
-126.055
-126.084
-126.045
-125.842
-125.918
-126.066
-126.2
-126.224
-125.833
-125.838
-125.958
-125.999
-126.1
-126.098
-125.96
-125.839
-125.812
-125.961
-126.027
-126.047
-126.004
-125.937
-125.994
-125.925
-125.964
-126.074
-126.005
-125.917
-125.987
-125.978
-125.857
-125.957
-126.104
-126.078
-125.919
-125.945
-125.921
-125.934
-126.13
-125.99
-126.109
-125.913
-125.965
-126.073
-125.979
-125.866
-126.026
-126.129
-125.984
-125.998
-126.229
-126.181
-125.941
-125.851
-126.116
-126.348
-126.216
-125.997
-126.083
-125.96
-126.043
-126.156
-126.028
-125.92
-126.029
-126.049
-125.976
-125.929
-125.946
-125.95
-125.863
-125.945
-126.064
-125.982
-125.803
-125.904
-126.052
-126.028
-125.96
-125.934
-125.928
-125.875
-125.918
-125.974
-126.013
-125.992
-125.922
-125.93
-125.943
-125.967
-126.083
-126.003
-125.887
-125.865
-126.027
-126.091
-125.946
-125.933
-125.963
-125.937
-125.989
-126.102
-126.056
-125.99
-125.996
-126.002
-125.873
-125.909
-126.15
-126.076
-126.004
-125.925
-126.025
-126.028
-126.043
-125.98
-125.886
-125.947
-125.949
-125.961
-125.895
-125.947
-125.987
-126.058
-126.103
-125.944
-125.782
-125.921
-126.038
-125.995
-125.921
-125.913
-125.95
-125.978
-126.009
-125.92
-125.967
-125.962
-125.913
-125.882
-126.012
-126.153
-125.981
-125.869
-126.01
-126.122
-125.958
-125.712
-126.07
-126.057
-126.001
-126.014
-125.949
-125.93
-126.056
-126.081
-125.91
-125.757
-126.038
-126.112
-126.094
-126.057
-125.927
-125.823
-125.815
-125.907
-126.009
-126.059
-126.073
-126.009
-125.907
-125.874
-125.87
-125.911
-126.075
-126.091
-125.963
-125.897
-125.895
-125.955
-126.021
-125.994
-125.913
-126.026
-126.051
-125.877
-126.082
-126.228
-125.798
-125.977
-126.1
-126.136
-126.016
-125.818
-125.923
-126.264
-125.852
-126.059
-126.234
-125.955
-125.864
-126.019
-126.124
-126.102
-126.016
-125.961
-125.839
-126.082
-126.258
-126.151
-125.888
-126.044
-126.075
-125.971
-125.917
-125.887
-125.983
-126.097
-126.166
-125.959
-125.804
-126.006
-126.179
-125.966
-125.939
-126.138
-126.167
-125.868
-125.94
-126.012
-126.033
-126.023
-125.923
-125.932
-125.966
-125.978
-125.935
-125.858
-125.858
-125.918
-125.918
-125.901
-125.913
-125.926
-125.936
-125.966
-125.988
-125.945
-125.883
-125.957
-126.047
-126.131
-125.96
-126.052
-126.084
-125.951
-125.956
-125.9
-126.267
-126.132
-125.903
-125.871
-126.051
-126.101
-125.916
-126.022
-126.093
-125.891
-125.882
-126.141
-126.03
-125.944
-125.905
-125.907
-126.106
-126.075
-125.977
-125.839
-125.848
-126.011
-126.084
-125.997
-125.836
-125.873
-125.925
-125.916
-125.952
-126.016
-125.993
-125.912
-125.916
-125.917
-125.967
-126.025
-125.985
-125.891
-125.853
-126.036
-126.232
-125.886
-125.798
-126.362
-126.273
-125.99
-126.088
-125.902
-125.991
-126.091
-125.977
-125.91
-125.941
-125.959
-125.98
-125.992
-125.984
-125.945
-125.893
-125.932
-125.918
-125.83
-125.926
-126.034
-125.886
-125.9
-125.952
-125.92
-126.073
-126.016
-125.878
-126.06
-125.906
-125.883
-126.03
-126.046
-125.959
-125.939
-126.005
-126.053
-125.974
-125.87
-125.927
-126.014
-126.04
-126.004
-125.979
-126.019
-125.981
-125.909
-125.992
-125.992
-125.907
-125.935
-125.998
-125.983
-125.94
-125.853
-126.031
-126.035
-125.943
-125.976
-125.987
-125.869
-125.9
-125.942
-125.998
-125.978
-125.89
-125.89
-125.935
-125.97
-125.941
-125.824
-125.845
-125.995
-126.016
-125.944
-125.957
-126.006
-125.854
-125.942
-126.076
-126.035
-126.054
-126.049
-125.922
-125.818
-126.123
-126.163
-126.075
-126.03
-126.023
-125.893
-125.915
-125.989
-126.095
-126.009
-125.884
-126
-125.967
-125.889
-125.947
-125.998
-125.941
-125.853
-125.952
-126.026
-125.964
-125.881
-125.879
-125.975
-126.021
-125.922
-125.881
-125.989
-125.997
-125.936
-126.06
-126.03
-125.932
-125.83
-125.79
-125.996
-126.063
-126.066
-126.008
-125.848
-125.771
-125.907
-125.98
-126.003
-126.041
-125.925
-125.968
-126.056
-125.905
-125.865
-126.017
-126.024
-126.008
-125.991
-125.982
-125.894
-125.924
-126.009
-125.977
-125.957
-125.973
-125.994
-125.942
-125.872
-125.912
-125.997
-125.995
-125.926
-125.953
-125.943
-125.859
-125.852
-125.962
-125.972
-125.901
-125.88
-125.904
-125.951
-125.963
-125.861
-125.813
-125.909
-125.946
-125.987
-126.018
-125.991
-125.895
-125.872
-125.963
-126.014
-126.052
-126.054
-125.894
-125.954
-126.014
-126.137
-126.099
-126.044
-125.913
-125.887
-125.996
-126
-126.052
-126.142
-126.103
-125.99
-125.897
-125.915
-126.049
-126.162
-126.267
-125.844
-125.817
-126.096
-126.07
-126.004
-125.987
-126.004
-126.009
-125.932
-125.84
-125.914
-125.979
-125.957
-125.883
-125.937
-126.04
-126.052
-125.951
-125.905
-125.942
-125.976
-126.005
-125.972
-125.939
-126.004
-126.008
-125.883
-125.814
-126.032
-126.238
-125.969
-125.865
-126.108
-125.967
-126.004
-126.103
-126.058
-125.906
-125.981
-126.023
-125.977
-125.989
-126.02
-126.012
-126.065
-126.002
-125.97
-125.927
-125.88
-125.901
-126.018
-126.081
-126.067
-125.972
-125.859
-126.004
-126.082
-125.967
-125.91
-125.945
-126.058
-126.044
-126.021
-126.026
-125.944
-125.857
-125.922
-125.978
-126.015
-125.995
-125.879
-125.982
-126.074
-125.986
-125.896
-125.954
-125.932
-126.018
-126.025
-125.954
-125.955
-125.97
-126.004
-126.017
-125.989
-125.844
-125.872
-126.059
-126.074
-125.861
-125.876
-126.046
-126.082
-126.006
-125.943
-125.919
-125.908
-126.078
-126.103
-125.96
-125.841
-125.936
-126.086
-126.048
-126.037
-126.045
-125.986
-125.955
-125.799
-125.885
-126.12
-126.125
-125.994
-125.978
-126.005
-125.918
-125.89
-126.072
-125.967
-125.824
-125.966
-126.037
-126.011
-125.943
-126.026
-126.129
-125.958
-125.796
-126.12
-126.13
-126.027
-125.897
-125.903
-126.038
-126.065
-125.943
-125.873
-125.943
-125.986
-125.946
-125.994
-126.143
-125.978
-125.957
-125.985
-126.083
-126.045
-125.826
-125.718
-125.961
-126.125
-126.157
-126.017
-125.796
-125.859
-126.084
-126.176
-126.043
-125.833
-125.909
-125.967
-125.939
-125.928
-126.009
-126.008
-125.876
-125.985
-125.959
-125.937
-126.015
-125.933
-125.883
-125.968
-125.953
-125.93
-125.94
-125.923
-125.904
-125.926
-125.984
-126.002
-126.052
-126.108
-126.269
-125.908
-126.013
-126.171
-126.195
-126.377
-126.11
-125.822
-125.99
-126.101
-126.11
-126.063
-126.05
-125.952
-125.875
-125.902
-125.983
-126.006
-125.955
-125.896
-125.898
-125.987
-125.976
-125.87
-125.945
-126.046
-125.981
-125.843
-125.801
-125.967
-126.161
-126.209
-125.981
-125.865
-125.936
-125.96
-126.107
-125.994
-125.984
-126.169
-125.938
-125.735
-125.993
-126.1
-125.972
-125.851
-125.969
-126.011
-125.963
-125.852
-125.836
-125.97
-126.063
-125.946
-126.021
-126.109
-125.855
-126.103
-126.22
-125.997
-125.745
-125.874
-126.05
-126.074
-125.968
-125.906
-125.952
-125.99
-126.013
-126.008
-125.98
-125.942
-125.881
-125.886
-125.972
-126.012
-125.955
-125.865
-125.854
-125.886
-125.923
-126.005
-126.063
-126.016
-125.82
-125.881
-125.885
-125.979
-126.034
-125.967
-125.929
-125.951
-125.924
-125.817
-125.845
-125.971
-126.04
-125.995
-125.913
-126.003
-126.049
-125.852
-125.916
-126.089
-126.111
-125.972
-125.825
-125.992
-126.229
-126.215
-126.001
-125.835
-125.858
-125.969
-126.03
-125.973
-125.921
-125.94
-125.981
-125.912
-125.884
-125.925
-125.916
-125.835
-125.85
-126.027
-126.095
-125.885
-125.762
-125.954
-126.048
-126.071
-125.808
-125.927
-126.142
-126.018
-126.004
-126.042
-125.936
-125.95
-126.162
-126.152
-126.004
-125.974
-126.062
-126.089
-125.896
-125.815
-126.018
-126.094
-126.026
-125.921
-125.949
-125.974
-126.016
-126.028
-125.931
-125.922
-125.983
-125.997
-125.949
-125.888
-125.933
-126.015
-126.05
-125.996
-125.878
-125.778
-125.913
-126.088
-126.073
-126.01
-125.916
-125.785
-125.844
-125.933
-125.993
-126.025
-126.154
-126.071
-125.751
-126.122
-125.963
-126.032
-126.164
-126.16
-125.842
-125.892
-126.123
-126.146
-126.09
-126.032
-125.825
-125.983
-126.218
-126.059
-125.883
-125.987
-125.893
-125.906
-125.994
-126.075
-126.117
-125.878
-125.828
-125.974
-125.933
-125.954
-125.962
-125.91
-125.856
-125.818
-125.846
-125.952
-125.97
-126.039
-126.025
-125.871
-125.819
-126.005
-126.125
-126.047
-125.968
-126.087
-125.754
-125.954
-126.137
-126.049
-125.996
-125.958
-125.923
-125.9
-125.889
-125.965
-126.051
-126.032
-125.872
-125.868
-126.007
-126.144
-126.137
-125.945
-125.826
-125.933
-126.114
-126.214
-126.11
-125.891
-125.848
-125.985
-126.018
-126.068
-126.058
-125.955
-125.92
-126.044
-126.022
-125.889
-126.009
-126.226
-126.056
-125.979
-126.126
-125.957
-125.851
-126.015
-126.07
-125.959
-125.904
-125.923
-125.871
-125.943
-126.007
-125.921
-125.852
-125.876
-125.889
-125.884
-125.895
-125.896
-125.886
-125.866
-125.884
-125.924
-125.978
-125.954
-125.925
-125.989
-125.971
-126.018
-126.025
-126.018
-126.022
-126.038
-126.093
-125.963
-125.922
-125.996
-126.192
-126.081
-126.021
-126.098
-125.826
-125.889
-126.188
-126.161
-125.999
-125.899
-125.866
-126.003
-126.089
-125.9
-126.017
-126.049
-125.977
-125.953
-125.869
-125.849
-125.962
-125.996
-125.998
-125.977
-125.871
-125.811
-125.915
-125.998
-125.973
-125.852
-125.788
-125.873
-125.977
-126.016
-125.94
-125.893
-126.051
-126.082
-125.944
-125.827
-125.871
-126.103
-126.119
-125.936
-125.898
-126.155
-126.046
-125.812
-125.878
-126.038
-126.085
-125.922
-125.851
-126.023
-126.019
-125.851
-125.915
-125.949
-125.981
-126.03
-126.002
-125.936
-125.962
-126.036
-126.034
-126.124
-125.931
-125.727
-126.089
-126.147
-126.101
-126.102
-125.957
-126.088
-126.185
-126.053
-126.066
-126.054
-126.133
-126.062
-125.814
-126.02
-126.103
-126.095
-125.975
-126.076
-126.039
-125.918
-125.911
-126.022
-126.09
-125.992
-125.89
-125.932
-125.99
-125.935
-125.987
-126.039
-126.047
-126.05
-125.866
-125.86
-126.021
-126.007
-125.984
-126.036
-126.111
-126.074
-126.02
-125.881
-126.1
-126.055
-125.989
-125.961
-125.924
-125.887
-125.937
-125.998
-126.031
-126.009
-125.946
-125.927
-125.97
-125.948
-125.971
-125.973
-125.942
-125.907
-125.95
-126.089
-126.105
-126.059
-125.983
-125.817
-125.97
-126.029
-125.918
-125.908
-125.987
-125.993
-125.96
-126.04
-126.158
-125.998
-125.876
-125.926
-126.045
-125.983
-125.961
-126.041
-126.052
-125.887
-125.931
-126.094
-126.08
-125.96
-125.911
-126.136
-126.112
-125.738
-126.091
-126.506
-126.005
-125.913
-126.116
-126.035
-126.054
-126.095
-126.152
-126.012
-125.881
-125.935
-125.918
-126.028
-126.126
-125.994
-125.904
-126.01
-126.011
-125.904
-125.933
-126.037
-126.003
-125.867
-125.909
-125.946
-125.971
-126.038
-125.981
-125.868
-125.852
-125.982
-126.103
-126.131
-125.941
-125.791
-125.974
-126.032
-126.02
-126.059
-126.001
-125.996
-126.092
-126.148
-126.004
-125.816
-126.056
-126.116
-126.074
-126.058
-125.951
-125.844
-125.866
-125.965
-126.003
-125.964
-125.919
-125.9
-125.834
-125.825
-125.927
-125.967
-125.93
-125.888
-125.9
-125.913
-125.91
-125.886
-125.847
-125.87
-125.969
-126.031
-126.033
-125.871
-125.773
-126.046
-126.195
-126.069
-126.035
-125.804
-126.041
-126.374
-126.08
-125.843
-125.906
-126.124
-126.296
-126.102
-125.809
-125.969
-126.093
-125.967
-125.844
-125.912
-126.05
-126.088
-126.079
-126.001
-125.87
-125.744
-125.978
-126.2
-126.032
-125.872
-126.107
-126.13
-125.8
-125.834
-126.044
-126.06
-126.058
-126.123
-126.034
-125.863
-125.975
-126.041
-126.053
-126.005
-125.851
-125.896
-126.09
-126.158
-126.098
-125.906
-125.811
-125.96
-125.937
-125.956
-126.084
-126.118
-125.977
-125.936
-126.014
-126.004
-126.026
-125.966
-125.945
-126.034
-126.058
-126.031
-126.011
-126.032
-125.932
-125.942
-126.021
-126.023
-126.004
-125.938
-125.898
-125.955
-125.926
-125.961
-126.02
-125.904
-125.944
-126.001
-126.05
-125.951
-125.923
-126.137
-126.137
-125.939
-125.816
-126.022
-126.017
-126.116
-126.076
-125.996
-125.988
-125.879
-125.856
-125.931
-125.978
-125.958
-125.908
-125.948
-126.005
-125.973
-125.872
-125.897
-125.977
-125.998
-125.886
-125.994
-126.15
-126.013
-125.922
-125.935
-125.942
-126.084
-126.072
-126.046
-125.996
-125.851
-126.02
-126.081
-125.994
-125.99
-125.971
-125.844
-125.925
-126.051
-126.067
-126.05
-125.988
-125.875
-125.816
-125.858
-125.954
-126.099
-126.181
-125.971
-125.816
-125.968
-126.107
-126.073
-125.895
-125.99
-125.966
-125.992
-126.086
-126.099
-125.965
-125.864
-125.908
-125.975
-126.111
-126.184
-125.91
-125.92
-126.1
-126.038
-126.04
-125.996
-125.941
-125.941
-126.009
-125.971
-125.834
-126.03
-126.154
-126.04
-125.866
-125.815
-125.969
-126.027
-125.958
-125.907
-125.958
-126.002
-125.943
-125.914
-125.948
-125.899
-125.851
-126.035
-126.132
-126.01
-125.87
-125.959
-126.03
-125.97
-126.066
-126.026
-125.884
-125.845
-125.902
-125.98
-126.068
-126.166
-126.039
-125.863
-126.01
-125.921
-125.954
-126.033
-126.113
-126.121
-126.027
-126.056
-125.844
-126.175
-126.096
-126.092
-125.886
-125.88
-126.028
-126.065
-126.022
-126.003
-125.99
-125.886
-125.968
-126.154
-125.986
-125.824
-126.082
-126.026
-125.956
-126.024
-125.887
-126.104
-126.16
-125.853
-125.932
-126.028
-126.046
-126.058
-125.933
-125.962
-126.056
-126.099
-125.983
-126.118
-126.086
-125.838
-125.91
-126.111
-126.155
-126.058
-125.83
-125.708
-125.907
-126.085
-126.114
-126.044
-125.973
-125.861
-125.848
-126.006
-126.079
-126.034
-125.961
-125.894
-126.024
-126.066
-125.943
-125.93
-125.961
-126.098
-126.107
-125.974
-125.917
-126.003
-125.967
-125.96
-125.931
-125.925
-126.016
-126.039
-125.935
-125.972
-126.056
-126.099
-125.94
-125.906
-126.057
-125.907
-125.959
-126.028
-126.058
-126.073
-125.871
-125.982
-126.17
-126.036
-125.968
-126.049
-126.206
-126.081
-125.855
-126.235
-126.071
-125.86
-126.139
-126.227
-126.176
-126.093
-125.886
-126.022
-126.079
-125.939
-125.941
-125.991
-125.985
-125.977
-125.957
-125.906
-125.87
-125.83
-125.919
-125.96
-125.928
-125.894
-125.877
-125.878
-125.925
-125.998
-125.924
-125.767
-125.923
-126.017
-126.027
-125.927
-125.851
-125.869
-125.993
-126.045
-125.989
-125.892
-125.914
-126.048
-126.039
-125.918
-126.007
-126.112
-126.154
-125.96
-125.845
-126.136
-126.075
-125.971
-126.065
-125.991
-126.036
-126.107
-125.673
-126.276
-126.072
-125.945
-126.003
-125.901
-125.827
-126.017
-126.068
-125.865
-125.836
-125.947
-125.949
-125.913
-125.872
-125.942
-126.051
-125.825
-125.846
-125.981
-125.91
-125.854
-125.923
-125.879
-125.94
-126.002
-125.827
-125.879
-126.069
-126.006
-125.909
-125.899
-125.968
-126.058
-125.966
-125.932
-126.074
-126.14
-126.158
-126.112
-125.859
-125.722
-126.09
-126.191
-126.134
-126.093
-125.852
-125.781
-126.021
-126.058
-126.017
-125.853
-125.844
-125.947
-126.027
-126.006
-125.869
-125.853
-125.926
-125.893
-125.866
-125.898
-125.907
-125.842
-125.824
-125.911
-125.953
-125.959
-125.904
-125.838
-125.953
-125.981
-125.938
-125.955
-126.002
-125.954
-126.046
-126.031
-126.071
-125.998
-126.033
-126.213
-126.128
-125.871
-125.737
-126.075
-126.25
-126.093
-125.87
-125.876
-125.981
-125.955
-125.835
-125.986
-125.961
-125.893
-125.942
-125.957
-125.851
-125.856
-125.921
-126.011
-126.101
-126.02
-125.787
-125.765
-125.883
-125.952
-125.976
-125.986
-125.974
-125.946
-125.951
-125.904
-125.86
-125.986
-126.045
-126.064
-126.03
-125.846
-125.925
-126.017
-125.967
-125.983
-126.058
-125.959
-125.936
-125.987
-126.047
-125.996
-125.96
-125.899
-125.896
-125.986
-126.037
-125.994
-125.944
-125.84
-125.853
-125.959
-125.974
-125.978
-125.976
-125.916
-125.833
-125.81
-125.902
-126.011
-125.959
-125.851
-125.94
-125.978
-125.933
-125.986
-126.008
-125.875
-125.962
-125.941
-125.915
-125.923
-126.051
-126.045
-125.906
-125.863
-125.915
-126.123
-126.052
-125.992
-126.11
-125.987
-125.793
-126.054
-126.045
-126.113
-126.05
-125.891
-125.846
-125.955
-125.942
-125.803
-125.875
-126.032
-126.057
-125.986
-125.919
-125.913
-125.855
-125.85
-126.084
-126.038
-125.889
-125.819
-125.872
-125.995
-126.06
-125.97
-126.049
-125.933
-125.931
-126.045
-125.829
-126.102
-126.064
-125.925
-125.838
-125.887
-125.909
-125.921
-125.971
-125.98
-125.935
-125.789
-125.863
-125.96
-125.924
-125.898
-125.904
-125.951
-125.957
-126.003
-126.078
-125.912
-125.877
-126.046
-125.917
-125.922
-126.002
-125.964
-125.937
-125.927
-125.978
-125.948
-125.838
-125.865
-125.948
-125.949
-125.924
-125.91
-125.939
-125.998
-125.975
-125.913
-125.863
-125.885
-125.994
-126.039
-125.958
-125.942
-125.919
-126.011
-125.966
-125.932
-125.992
-126.019
-125.899
-125.94
-125.988
-125.963
-125.921
-125.875
-125.904
-125.939
-125.924
-125.895
-125.868
-125.884
-125.919
-125.961
-125.934
-125.872
-125.872
-125.955
-125.968
-125.904
-125.864
-125.932
-125.953
-125.992
-126.026
-126.009
-125.969
-125.977
-126.056
-125.966
-125.795
-125.908
-126.083
-126.06
-125.899
-125.851
-125.964
-126.034
-126.097
-125.944
-126.002
-125.944
-125.978
-126.014
-126.283
-125.95
-125.728
-126.042
-126.082
-125.996
-125.875
-125.899
-125.895
-125.948
-126.044
-125.832
-125.96
-126.119
-126.053
-125.853
-125.899
-126.012
-126.009
-126.035
-125.999
-125.936
-125.876
-125.857
-125.891
-125.967
-125.983
-125.968
-125.954
-125.945
-125.873
-125.844
-125.971
-125.888
-125.765
-126.018
-126.005
-125.899
-125.783
-125.809
-125.925
-125.966
-125.975
-125.934
-125.816
-125.846
-126.017
-126.082
-125.959
-125.904
-125.979
-125.887
-125.919
-126.003
-125.981
-126.073
-126.108
-125.978
-125.911
-125.911
-126.047
-126.026
-125.907
-126.026
-126.026
-125.863
-125.846
-125.954
-125.95
-125.883
-125.857
-125.903
-125.918
-125.909
-125.913
-125.859
-125.874
-125.96
-125.903
-125.848
-125.814
-125.9
-126.022
-126.026
-125.874
-125.697
-125.783
-125.956
-125.996
-125.955
-125.879
-125.87
-125.954
-125.905
-125.785
-125.874
-126.036
-126.011
-126.151
-126.162
-125.904
-125.878
-125.951
-126.164
-126.17
-126.036
-126.102
-126.208
-125.944
-125.849
-126.215
-126.068
-126.167
-126.016
-126.017
-125.909
-126.119
-126.156
-125.755
-125.95
-125.947
-125.874
-125.991
-126.068
-125.853
-125.906
-125.968
-125.88
-125.94
-125.874
-125.861
-125.893
-125.931
-125.924
-125.786
-125.817
-125.913
-125.901
-125.888
-125.849
-125.804
-125.871
-125.923
-125.99
-126.101
-126.065
-125.79
-125.818
-125.982
-126.024
-126.078
-125.998
-125.868
-125.961
-126.067
-126.132
-125.941
-125.817
-126.103
-126.139
-125.931
-126.003
-125.934
-125.907
-125.985
-126.022
-125.943
-125.823
-125.889
-125.952
-125.986
-125.971
-125.819
-125.875
-125.91
-125.958
-125.973
-125.852
-125.913
-125.972
-125.934
-125.878
-125.841
-125.833
-125.887
-125.898
-125.891
-125.901
-125.902
-125.923
-125.864
-125.779
-125.845
-125.912
-125.964
-125.958
-125.903
-125.882
-125.936
-126.031
-126.036
-125.948
-125.908
-125.742
-126.007
-126.024
-126.099
-126.032
-125.801
-125.948
-126.012
-125.962
-125.951
-126.002
-126.013
-125.815
-126.055
-125.981
-125.937
-125.87
-125.993
-125.993
-125.966
-125.973
-125.847
-125.838
-125.911
-125.928
-125.928
-125.887
-125.886
-125.919
-125.902
-125.859
-125.945
-126.001
-125.966
-125.868
-125.832
-125.934
-125.992
-125.999
-125.954
-125.903
-126.003
-126.053
-126.064
-126.012
-125.936
-126.069
-125.876
-125.921
-126.073
-125.957
-125.843
-125.9
-125.98
-125.968
-125.941
-125.895
-125.87
-125.912
-125.915
-125.944
-126.018
-125.994
-125.803
-125.824
-125.932
-125.993
-126.017
-126.037
-126.01
-125.912
-125.838
-125.854
-126.053
-126.049
-125.979
-125.948
-125.916
-125.836
-125.9
-125.997
-125.929
-125.891
-125.941
-125.913
-125.833
-125.838
-125.938
-126.027
-126.062
-126.009
-125.77
-125.647
-126.04
-126.102
-125.995
-125.96
-125.909
-125.792
-125.731
-125.845
-126.034
-126.141
-126.061
-125.738
-125.751
-126.14
-126.143
-125.993
-125.861
-125.759
-125.85
-126.016
-126.073
-126.07
-125.862
-125.839
-125.984
-126.1
-125.922
-126.075
-126.105
-125.959
-125.913
-125.865
-125.99
-125.962
-125.866
-125.995
-126.003
-125.899
-125.899
-125.917
-125.892
-125.956
-126.061
-126.017
-125.806
-125.79
-125.945
-126.073
-126.033
-125.938
-126.027
-126.067
-125.959
-125.972
-126.057
-125.958
-126.103
-126.265
-125.573
-126.28
-126.272
-125.926
-125.757
-125.868
-125.994
-126.077
-126.048
-125.898
-125.849
-125.935
-125.916
-125.894
-125.934
-125.931
-125.949
-126.036
-126.04
-125.892
-125.834
-125.9
-125.939
-125.946
-125.952
-125.948
-125.939
-125.874
-125.84
-126.1
-126.152
-125.995
-125.806
-125.79
-126
-126.01
-125.879
-125.953
-125.988
-125.986
-125.843
-125.911
-126.004
-125.994
-125.955
-125.864
-125.899
-125.996
-125.99
-125.852
-125.837
-125.983
-126.113
-126.157
-125.987
-125.7
-125.868
-126.001
-125.999
-126.043
-126.018
-125.966
-125.898
-125.858
-126.014
-125.992
-125.882
-125.899
-125.905
-125.911
-126.007
-125.966
-125.834
-125.97
-126.052
-126.003
-125.955
-125.954
-125.935
-125.918
-125.988
-126.087
-126
-125.841
-126.187
-126.029
-125.701
-125.929
-126.067
-126.006
-125.839
-125.83
-125.985
-125.97
-125.859
-125.937
-126.041
-125.833
-125.996
-126.027
-125.978
-125.917
-125.88
-125.908
-125.965
-125.964
-125.981
-125.954
-125.871
-125.863
-125.919
-125.956
-125.949
-125.941
-125.833
-125.955
-126.074
-126.003
-125.798
-125.799
-125.896
-125.933
-125.98
-125.997
-125.986
-125.939
-125.993
-126.009
-125.908
-125.975
-125.99
-125.902
-125.95
-126.028
-126.021
-125.895
-125.912
-126.01
-125.997
-125.919
-125.849
-125.801
-125.88
-126.018
-126.059
-125.881
-125.775
-126.007
-126.058
-126.045
-125.981
-125.907
-125.699
-126.02
-126.07
-125.991
-126.009
-126
-125.906
-125.862
-125.96
-126.1
-126.125
-125.943
-125.708
-125.844
-126.093
-126.153
-126.085
-125.909
-125.822
-125.903
-125.889
-125.973
-125.926
-125.881
-125.956
-126.02
-126.056
-125.936
-125.726
-125.765
-125.911
-125.976
-125.978
-126.017
-125.984
-125.823
-125.815
-125.852
-125.923
-125.993
-125.985
-125.941
-125.956
-125.997
-125.887
-125.878
-125.961
-125.958
-126.062
-126.191
-126.165
-125.909
-125.671
-126.19
-126.304
-125.927
-125.818
-126.07
-126.021
-125.965
-126.053
-126.001
-125.936
-125.832
-125.874
-125.932
-125.961
-125.946
-125.9
-125.882
-125.879
-125.849
-125.839
-125.869
-125.943
-125.931
-125.918
-125.964
-125.902
-125.856
-125.865
-125.867
-125.879
-125.946
-125.986
-125.924
-125.815
-125.852
-125.978
-125.998
-125.954
-125.983
-125.99
-125.837
-125.944
-126.072
-125.982
-125.96
-126.08
-125.906
-125.976
-126.027
-125.907
-125.956
-125.992
-125.899
-125.954
-125.996
-125.96
-125.958
-125.983
-125.892
-125.774
-125.826
-125.939
-125.975
-125.972
-125.954
-125.913
-125.886
-125.84
-125.837
-125.925
-125.978
-125.995
-126.008
-125.911
-125.805
-125.915
-125.992
-125.909
-125.945
-125.929
-125.899
-125.891
-125.904
-125.863
-125.856
-125.918
-125.969
-125.996
-125.865
-125.88
-125.845
-125.867
-125.955
-125.954
-125.921
-125.918
-125.873
-125.784
-125.829
-125.958
-125.991
-125.917
-125.841
-125.881
-125.909
-125.862
-125.997
-126.038
-125.9
-125.87
-126.012
-125.957
-125.938
-125.921
-125.984
-125.977
-125.885
-125.968
-126.007
-126.02
-126.086
-125.963
-125.876
-126.048
-126.072
-125.981
-125.948
-126.019
-125.931
-125.792
-125.931
-126.064
-125.963
-125.852
-125.912
-125.938
-125.913
-125.832
-125.822
-125.879
-125.934
-125.979
-125.879
-125.762
-125.892
-125.972
-125.914
-125.839
-125.846
-125.901
-125.946
-125.958
-125.825
-125.778
-125.878
-125.917
-125.927
-125.937
-125.952
-125.982
-125.939
-125.868
-125.947
-125.924
-125.939
-125.958
-125.92
-125.855
-125.876
-125.945
-125.948
-125.886
-125.834
-125.844
-125.888
-125.908
-125.922
-125.939
-125.937
-125.854
-125.766
-125.869
-125.951
-125.917
-125.87
-125.894
-125.941
-125.863
-125.928
-125.996
-125.999
-125.873
-125.763
-126.07
-126.054
-125.938
-125.97
-125.962
-125.983
-126.11
-125.82
-125.961
-126.041
-125.973
-125.931
-125.938
-125.952
-125.981
-126.1
-125.97
-125.708
-126.067
-126.198
-125.953
-125.896
-125.98
-126.032
-125.974
-125.879
-125.932
-125.942
-126.01
-126.059
-126.021
-125.891
-125.819
-126.037
-126.047
-125.862
-125.985
-125.999
-125.964
-125.876
-125.884
-125.914
-125.925
-125.969
-125.979
-125.922
-125.875
-125.81
-125.888
-126.021
-126.009
-125.927
-125.805
-125.88
-125.974
-125.989
-125.976
-125.98
-125.953
-125.854
-125.965
-126
-125.974
-125.963
-125.989
-125.996
-125.945
-125.971
-125.993
-125.908
-125.946
-125.966
-125.903
-125.934
-125.949
-125.936
-125.848
-125.845
-125.905
-125.951
-125.928
-125.895
-125.9
-125.956
-126.007
-125.834
-125.767
-126.069
-126.102
-125.9
-125.859
-125.872
-125.934
-125.975
-125.955
-125.979
-125.959
-125.865
-125.84
-125.962
-126.101
-126.064
-125.877
-125.812
-126.018
-125.99
-125.957
-126.039
-125.951
-125.903
-125.981
-125.97
-125.779
-125.909
-126.103
-126.028
-125.928
-125.889
-125.843
-125.912
-125.948
-125.876
-125.887
-125.943
-126.006
-126.098
-125.829
-125.739
-126.111
-126.102
-125.939
-125.904
-125.848
-125.884
-125.954
-125.941
-125.91
-125.959
-125.989
-125.888
-125.839
-126.046
-126.173
-126.101
-125.822
-125.85
-126.232
-126.12
-125.9
-125.993
-125.922
-126.005
-126.031
-125.995
-125.879
-125.779
-125.869
-125.943
-126.023
-126.12
-125.932
-125.753
-125.982
-126.024
-126.016
-126.103
-125.909
-125.944
-126.042
-125.944
-125.993
-125.934
-125.884
-125.932
-125.978
-126.028
-126.031
-125.893
-126.053
-126.046
-125.631
-126.081
-126.12
-126.115
-126.113
-125.768
-125.782
-126.125
-126.08
-125.906
-125.829
-125.917
-126.011
-126.005
-125.999
-125.926
-125.957
-125.974
-125.957
-125.953
-125.983
-125.967
-125.837
-126.007
-126.016
-125.813
-125.922
-125.981
-125.926
-125.862
-125.829
-125.864
-125.957
-126.032
-125.926
-125.739
-125.903
-126.125
-126.145
-125.975
-125.843
-125.899
-125.991
-125.89
-125.778
-125.935
-126.089
-126.139
-126.129
-125.944
-125.624
-125.749
-126.06
-126.189
-126.142
-125.969
-125.76
-125.943
-126.056
-125.889
-126.006
-126.119
-126.018
-125.868
-125.906
-126.02
-125.932
-125.905
-125.933
-126.003
-125.991
-125.939
-125.88
-125.886
-126.049
-126.113
-125.883
-125.764
-126
-126.114
-125.996
-125.812
-125.897
-125.974
-125.949
-126.069
-126.059
-125.708
-125.843
-126.118
-126.121
-126.02
-125.857
-125.809
-125.926
-125.986
-125.981
-125.923
-125.867
-125.914
-125.971
-125.913
-125.778
-126.013
-125.981
-125.904
-125.875
-125.822
-125.838
-125.909
-125.958
-125.95
-125.945
-125.957
-125.874
-125.939
-125.87
-126.132
-126.341
-125.898
-125.851
-126.11
-125.991
-125.836
-126.019
-126.147
-126.102
-126.042
-125.922
-125.866
-125.926
-126.01
-126.07
-125.967
-125.763
-125.812
-125.943
-125.935
-125.914
-125.931
-125.967
-126.029
-125.957
-125.74
-126.004
-126.074
-125.854
-125.969
-126.09
-126.069
-125.891
-125.861
-126.038
-126.01
-125.755
-125.93
-126.058
-125.974
-125.909
-126.094
-126.021
-125.964
-125.935
-125.821
-125.909
-126.076
-126.155
-125.95
-125.759
-125.977
-125.973
-125.923
-125.947
-126.002
-125.927
-125.802
-125.92
-126.019
-125.935
-125.878
-125.855
-125.896
-126.03
-125.985
-125.823
-125.91
-125.991
-126.022
-126.022
-125.9
-125.77
-125.829
-125.941
-125.988
-125.994
-125.916
-125.873
-125.998
-126.068
-125.877
-125.682
-125.981
-126.075
-125.987
-125.902
-125.95
-125.912
-125.876
-125.954
-125.999
-125.939
-125.894
-125.914
-125.938
-125.949
-125.9
-125.829
-125.842
-125.914
-125.969
-125.982
-125.921
-125.853
-125.879
-125.919
-125.982
-125.948
-125.843
-125.796
-125.905
-126.067
-126.037
-125.84
-125.927
-126.056
-125.871
-125.847
-126.118
-126.179
-125.969
-125.718
-125.88
-126.042
-125.946
-125.976
-126.044
-126.006
-125.919
-125.851
-125.798
-125.868
-125.961
-125.971
-125.987
-126.06
-126.066
-125.841
-125.706
-125.872
-126.049
-125.993
-125.854
-125.81
-125.871
-125.96
-126.027
-125.95
-125.811
-125.952
-125.957
-125.843
-125.864
-125.935
-125.887
-125.847
-125.91
-125.989
-125.986
-125.882
-125.766
-125.833
-125.956
-125.947
-125.894
-125.908
-125.911
-125.885
-125.931
-125.985
-125.917
-125.881
-125.986
-126.004
-125.777
-126.029
-126.001
-125.907
-125.803
-125.814
-126.034
-126.129
-126.053
-125.836
-125.759
-125.873
-125.927
-125.924
-125.904
-125.944
-125.948
-125.914
-125.923
-125.948
-125.933
-125.89
-125.892
-125.917
-126.005
-126.029
-125.954
-125.827
-125.872
-125.966
-125.989
-125.937
-125.829
-125.882
-126.002
-126.047
-125.976
-125.848
-125.791
-125.798
-125.909
-126.024
-125.98
-125.899
-125.94
-125.904
-125.801
-125.917
-126.014
-125.905
-125.882
-126.041
-126.091
-125.835
-125.722
-125.879
-126.002
-126.12
-126.089
-125.89
-125.794
-125.868
-125.901
-125.9
-125.922
-125.928
-125.953
-126.006
-125.866
-125.906
-125.985
-126.024
-126.101
-125.913
-125.755
-125.877
-125.975
-126.059
-126.04
-125.861
-125.755
-125.94
-126.006
-125.927
-125.955
-125.96
-125.941
-125.925
-125.908
-125.855
-125.995
-126.055
-125.805
-125.822
-125.97
-126.047
-125.979
-125.81
-125.801
-125.944
-125.946
-125.852
-125.916
-125.992
-125.899
-125.855
-125.949
-125.939
-126.054
-126.012
-125.937
-125.865
-125.922
-126.058
-126.137
-125.945
-125.967
-126.073
-125.878
-125.795
-125.85
-126.023
-126.133
-125.772
-125.969
-126.058
-125.941
-125.951
-125.919
-125.768
-126.056
-125.96
-125.923
-126.039
-125.975
-125.944
-125.944
-125.888
-126.007
-126.077
-125.878
-125.754
-125.897
-126.042
-126.027
-125.941
-125.969
-125.87
-125.814
-125.96
-125.887
-125.829
-125.909
-125.996
-125.991
-125.833
-125.876
-125.975
-125.898
-125.85
-125.925
-126.022
-125.996
-125.731
-125.939
-125.997
-125.891
-125.822
-125.886
-125.937
-125.967
-125.962
-125.925
-125.964
-125.994
-125.843
-126.115
-126.089
-125.842
-125.946
-126.018
-126.141
-126.178
-126.019
-125.868
-125.909
-126.067
-126.019
-125.896
-126.046
-126
-125.877
-125.939
-125.986
-125.971
-125.936
-125.904
-125.896
-125.811
-125.773
-125.901
-125.965
-126.005
-126.001
-125.876
-125.885
-126
-125.977
-125.813
-125.774
-125.951
-126.081
-126.057
-125.966
-125.843
-125.858
-126.036
-126.015
-126.016
-126.03
-125.99
-125.894
-125.854
-125.937
-125.985
-126.051
-126.038
-126.003
-125.918
-125.955
-125.919
-125.819
-126
-126.104
-125.952
-125.898
-125.926
-125.852
-125.94
-126.006
-125.975
-125.946
-125.959
-125.855
-125.84
-125.997
-126.037
-126.004
-125.863
-125.92
-125.98
-126.002
-125.964
-125.95
-126.018
-126.019
-125.844
-125.79
-125.904
-125.933
-125.972
-126.011
-125.95
-125.852
-125.878
-125.961
-125.963
-125.877
-125.853
-125.882
-125.876
-125.879
-125.908
-125.917
-125.9
-125.879
-125.891
-125.905
-125.93
-125.96
-125.957
-125.94
-125.862
-125.893
-125.944
-125.952
-125.938
-125.898
-125.88
-125.966
-126.044
-126.041
-125.741
-125.883
-126.081
-126.082
-125.983
-125.891
-125.947
-125.939
-125.773
-125.871
-126.004
-126
-125.988
-125.938
-126.034
-126.039
-125.843
-125.978
-126.113
-126.074
-125.862
-125.962
-126.003
-125.903
-125.912
-125.943
-125.899
-125.911
-125.91
-125.865
-125.899
-125.963
-125.934
-125.792
-125.864
-126.017
-125.97
-125.774
-125.859
-125.982
-126.021
-126.051
-125.695
-126
-125.997
-126.014
-126.05
-125.973
-125.982
-125.858
-125.784
-126.075
-126.05
-125.968
-125.956
-125.904
-125.882
-125.966
-125.988
-125.949
-125.978
-125.927
-125.854
-125.939
-126.055
-126.057
-125.846
-125.729
-125.997
-126.024
-125.95
-125.916
-125.909
-125.906
-125.878
-125.881
-125.896
-125.959
-126.072
-126.025
-125.856
-125.989
-126.065
-125.974
-125.975
-126.031
-125.901
-126.062
-126.192
-125.985
-125.873
-125.948
-126.036
-125.951
-125.911
-126.009
-126.055
-125.929
-125.845
-125.883
-125.945
-126.059
-126.051
-125.943
-125.802
-125.779
-125.98
-126.042
-126.004
-125.985
-125.85
-125.767
-125.965
-125.946
-125.897
-125.934
-126.011
-126.024
-125.866
-125.896
-125.998
-125.974
-125.86
-125.887
-126.014
-125.998
-125.873
-125.94
-126
-125.904
-125.856
-125.894
-125.981
-126.013
-125.925
-125.903
-125.916
-125.885
-125.905
-125.898
-125.984
-126.046
-125.987
-125.942
-126.008
-126.018
-125.949
-125.91
-126.116
-126.141
-126.05
-126.022
-125.964
-125.921
-126.139
-126.005
-125.99
-126.026
-126.005
-125.954
-125.894
-125.89
-125.926
-125.953
-125.944
-125.86
-125.84
-125.903
-125.92
-125.912
-125.925
-125.937
-125.898
-125.811
-125.765
-125.912
-126.027
-125.995
-125.915
-125.846
-125.851
-125.905
-125.912
-125.93
-125.998
-125.927
-125.848
-126.006
-126.109
-126.012
-125.78
-125.853
-126.043
-126.061
-125.999
-125.908
-125.906
-125.926
-125.883
-125.883
-125.972
-126.069
-126.04
-125.869
-125.804
-125.945
-126.005
-126.003
-125.87
-125.832
-125.948
-125.986
-126.008
-125.919
-125.852
-125.932
-125.954
-125.924
-126.002
-126.007
-125.871
-125.902
-125.903
-125.968
-126.164
-126.093
-125.784
-126
-126.093
-125.973
-125.815
-125.956
-125.975
-125.876
-125.939
-125.916
-125.964
-126.072
-125.842
-125.962
-126.083
-125.953
-125.892
-125.927
-125.882
-125.833
-125.858
-125.874
-125.905
-125.962
-125.988
-125.966
-125.896
-125.786
-125.836
-125.963
-126.011
-125.948
-125.847
-125.861
-125.958
-126.026
-125.981
-125.897
-125.866
-125.937
-125.967
-125.892
-125.945
-126.054
-126.025
-125.867
-125.936
-125.947
-125.92
-125.94
-125.938
-125.996
-125.895
-125.819
-125.89
-125.974
-126.005
-125.978
-125.914
-125.849
-125.944
-125.963
-125.893
-125.851
-125.991
-126.081
-125.974
-125.98
-126.001
-125.905
-125.872
-125.901
-125.989
-126.038
-125.951
-125.948
-125.955
-125.945
-125.975
-125.955
-125.943
-125.98
-126.011
-125.902
-125.788
-126.074
-125.915
-125.893
-125.942
-125.955
-125.948
-125.84
-125.755
-125.943
-126.004
-125.908
-125.844
-125.895
-125.913
-125.898
-125.927
-125.961
-125.962
-125.942
-125.929
-125.928
-125.885
-125.91
-125.99
-126.024
-125.979
-125.919
-125.947
-125.902
-125.879
-125.923
-125.947
-125.965
-125.85
-125.866
-126.034
-126.038
-125.851
-125.826
-125.959
-125.812
-125.926
-126.134
-125.843
-125.846
-126.08
-126.008
-125.838
-125.868
-125.979
-126.018
-125.886
-125.792
-125.968
-126.047
-126.044
-126.03
-125.94
-125.868
-125.862
-125.94
-125.998
-126.04
-126.12
-125.998
-125.694
-125.844
-125.942
-126.04
-126.028
-125.934
-125.961
-125.958
-125.91
-125.957
-125.935
-126.01
-126.004
-125.967
-125.879
-125.888
-126.056
-126.045
-125.941
-125.933
-125.889
-126.004
-126.056
-125.921
-125.803
-125.904
-126.071
-126.027
-125.917
-125.962
-126.024
-125.921
-125.906
-125.944
-125.952
-125.982
-125.984
-125.926
-125.899
-125.959
-125.999
-125.973
-125.904
-125.873
-125.97
-125.999
-125.899
-125.94
-126.095
-125.991
-125.764
-125.967
-126.068
-126.002
-125.849
-125.833
-125.928
-125.943
-125.939
-125.915
-125.869
-125.843
-125.849
-125.893
-125.918
-125.911
-125.916
-125.915
-125.904
-125.884
-125.924
-125.954
-125.942
-125.902
-125.923
-126.061
-126.121
-125.935
-125.739
-126.003
-126.296
-126.29
-125.689
-125.729
-126.119
-126.168
-126.103
-126.063
-125.947
-125.811
-125.847
-126.031
-125.997
-125.934
-125.908
-125.883
-125.892
-125.908
-125.913
-125.875
-125.863
-125.884
-125.915
-125.983
-125.898
-125.72
-125.904
-126.027
-125.967
-125.953
-125.989
-125.892
-125.827
-125.933
-126.058
-126.061
-126.015
-125.889
-125.972
-126.156
-126.054
-125.988
-125.944
-126.036
-125.99
-125.879
-125.885
-125.964
-126.018
-125.996
-125.927
-125.866
-125.865
-125.879
-125.878
-125.902
-125.929
-125.93
-125.907
-125.84
-125.843
-125.895
-125.995
-125.988
-125.943
-125.965
-125.985
-125.946
-126.037
-126.072
-125.876
-125.853
-126.153
-126.218
-126.114
-126.016
-125.903
-125.843
-125.924
-126.049
-126.001
-125.908
-125.932
-125.992
-125.972
-125.864
-125.776
-125.901
-126.018
-125.988
-125.864
-125.841
-125.933
-125.958
-125.945
-125.893
-125.835
-125.825
-125.895
-125.973
-125.99
-125.941
-125.881
-125.861
-125.872
-126.007
-126.113
-126.036
-125.955
-125.841
-125.802
-126.035
-126.142
-126.11
-125.942
-125.858
-125.928
-125.889
-125.927
-126.001
-126.007
-125.93
-125.918
-125.915
-125.91
-126.032
-126.033
-125.922
-125.868
-125.948
-125.956
-125.993
-126.067
-126.047
-125.845
-125.888
-126.034
-126.074
-126.067
-125.933
-125.85
-125.924
-125.916
-125.977
-126.02
-125.906
-125.817
-125.898
-125.987
-126.016
-125.933
-125.786
-125.853
-126.01
-126.043
-125.983
-125.905
-125.845
-125.916
-126.028
-125.97
-125.873
-125.908
-126.022
-126.026
-125.914
-125.846
-126.026
-126.154
-126.021
-125.854
-125.877
-125.934
-126.127
-126.062
-125.957
-125.948
-125.989
-125.879
-125.793
-125.882
-125.953
-125.952
-125.889
-125.934
-125.987
-125.965
-125.894
-125.853
-125.942
-125.925
-125.932
-125.988
-125.966
-125.917
-125.965
-125.982
-126.019
-125.977
-125.856
-126.014
-126.006
-125.985
-126.003
-125.846
-125.892
-126.007
-125.99
-125.937
-125.908
-125.945
-125.997
-125.931
-125.799
-125.918
-125.953
-125.88
-125.849
-125.928
-125.949
-125.815
-125.803
-125.97
-125.991
-125.935
-125.864
-125.833
-125.842
-125.892
-125.942
-125.983
-126.029
-126.013
-125.924
-126.061
-126.034
-125.918
-125.902
-126.039
-126.058
-125.947
-125.986
-126.025
-125.914
-125.895
-125.904
-125.891
-125.878
-125.881
-125.922
-125.926
-125.865
-125.929
-126.035
-125.897
-125.794
-125.969
-126.027
-126.023
-125.923
-125.807
-125.874
-125.967
-125.991
-125.942
-125.823
-125.77
-125.947
-126.031
-125.976
-125.86
-125.823
-125.832
-125.887
-125.936
-125.93
-125.911
-125.856
-125.795
-125.843
-125.923
-125.973
-126.001
-125.989
-125.917
-125.866
-125.986
-126.055
-125.865
-125.821
-126.051
-126.142
-126.116
-126.072
-126.022
-126.048
-126.007
-125.836
-126.087
-126.337
-126.164
-125.951
-125.97
-125.944
-125.9
-126.035
-126.076
-125.987
-125.948
-125.864
-125.834
-125.966
-125.982
-125.847
-125.927
-126.113
-126.062
-125.827
-125.908
-125.968
-126
-126.001
-125.989
-125.96
-125.854
-125.898
-126.126
-126.141
-125.876
-125.874
-125.945
-125.935
-126.014
-126.072
-125.874
-125.752
-125.875
-126.004
-126.024
-125.951
-125.848
-125.792
-125.89
-125.988
-125.979
-125.897
-125.85
-125.866
-125.908
-125.944
-125.934
-125.925
-125.92
-125.891
-125.901
-125.921
-125.88
-125.868
-125.938
-125.944
-125.869
-125.847
-125.926
-125.943
-125.9
-125.927
-125.915
-125.886
-125.901
-125.973
-126.021
-125.955
-125.833
-125.912
-125.979
-125.923
-125.893
-125.951
-125.928
-125.812
-125.87
-125.963
-125.924
-125.889
-125.912
-125.875
-125.946
-125.982
-125.969
-125.888
-125.803
-125.848
-125.906
-125.931
-125.874
-125.843
-125.918
-125.986
-125.966
-125.922
-125.926
-125.922
-125.906
-125.903
-125.919
-125.917
-125.972
-126.11
-126.157
-125.691
-126.036
-126.102
-125.965
-125.936
-125.943
-125.912
-125.867
-125.862
-125.893
-125.947
-125.956
-125.932
-125.89
-125.831
-125.949
-126.001
-125.91
-125.86
-125.891
-125.942
-125.941
-125.844
-125.853
-125.998
-126.045
-125.918
-125.78
-125.912
-126.046
-125.941
-125.833
-125.986
-126.02
-125.992
-125.971
-125.88
-125.923
-126.011
-126.005
-125.952
-125.912
-125.934
-125.92
-125.916
-125.986
-126.003
-125.926
-125.922
-125.907
-125.93
-125.955
-125.977
-125.941
-125.915
-125.942
-125.924
-125.886
-125.886
-125.879
-125.915
-125.963
-125.961
-125.871
-125.865
-125.987
-126.024
-125.947
-125.93
-125.879
-125.897
-125.899
-125.961
-126.045
-126.018
-125.993
-126.025
-125.941
-125.757
-125.881
-126.061
-126.005
-125.875
-125.838
-125.924
-126.018
-126.028
-125.991
-125.921
-125.853
-125.831
-125.928
-126.086
-126.129
-126.037
-125.818
-125.833
-126.086
-126.082
-125.968
-125.958
-125.948
-125.953
-125.997
-126
-125.768
-125.904
-126.034
-126.021
-125.986
-125.971
-125.948
-125.906
-125.864
-125.86
-125.869
-125.953
-125.983
-125.916
-125.951
-125.963
-125.923
-125.965
-126.001
-125.957
-125.877
-125.932
-126.094
-126.018
-125.86
-125.861
-126.127
-126.133
-126.02
-125.957
-126.006
-125.994
-125.91
-125.944
-125.989
-125.974
-125.937
-125.945
-126.005
-125.969
-125.898
-125.882
-125.976
-126.021
-125.933
-125.919
-125.902
-125.863
-125.974
-126.038
-125.98
-125.904
-125.853
-125.876
-125.968
-126.021
-125.941
-125.989
-125.956
-125.858
-125.987
-126.104
-126.065
-126.073
-125.928
-125.92
-126.041
-126.135
-126.111
-126.051
-126.042
-126.015
-125.987
-125.943
-126.006
-126.056
-126.203
-126.046
-125.896
-125.933
-125.992
-125.984
-125.924
-125.951
-126.015
-126.075
-126.03
-125.858
-126.025
-126.018
-125.909
-125.927
-125.826
-125.957
-126.108
-126.021
-125.863
-125.859
-125.956
-125.955
-125.93
-125.978
-126.044
-126.02
-125.928
-125.979
-126.118
-126.108
-125.965
-125.815
-126.124
-126.195
-126.118
-125.945
-125.87
-125.819
-126.031
-126.015
-125.999
-125.987
-125.941
-125.89
-125.85
-125.825
-125.898
-125.962
-126.035
-126.005
-125.961
-125.923
-125.842
-125.896
-126.047
-125.993
-125.934
-126.007
-126.044
-125.931
-125.919
-126.063
-126.025
-125.994
-125.996
-125.984
-126.11
-126.058
-125.911
-125.894
-125.968
-126.042
-126.031
-125.936
-125.914
-125.907
-125.949
-125.918
-125.903
-125.916
-125.948
-126.061
-126.055
-125.896
-125.793
-125.852
-125.993
-126.163
-126.122
-125.865
-125.935
-126.179
-125.866
-126.026
-126.17
-126.067
-125.864
-125.858
-125.955
-126.034
-126.085
-125.931
-125.84
-125.893
-125.975
-126.005
-125.993
-125.958
-125.863
-125.848
-125.937
-125.917
-125.888
-125.921
-125.942
-125.932
-125.969
-125.958
-125.807
-125.981
-126.021
-125.9
-125.887
-125.963
-125.965
-125.935
-125.927
-125.906
-125.935
-126.03
-126.041
-125.982
-125.967
-125.893
-126.055
-126.176
-126.048
-125.921
-125.946
-126.016
-125.985
-126.058
-126.035
-126.084
-125.988
-125.806
-125.992
-126.072
-126.01
-125.887
-125.915
-126.063
-126.073
-125.914
-125.791
-125.868
-126.039
-126.065
-125.968
-125.887
-125.883
-126.061
-126.032
-125.923
-125.833
-125.866
-125.938
-125.957
-126.009
-126.005
-125.895
-125.967
-126.077
-125.906
-125.945
-126.076
-126.017
-125.932
-125.902
-125.878
-126.005
-126.078
-125.992
-125.926
-125.935
-125.99
-126.08
-126.032
-125.896
-125.916
-125.974
-126.006
-125.91
-125.938
-126.024
-126.008
-125.973
-125.965
-125.965
-125.93
-125.947
-125.968
-125.974
-125.929
-125.883
-125.91
-126.008
-125.984
-125.95
-125.982
-125.994
-125.956
-125.974
-125.954
-125.908
-125.994
-125.996
-125.935
-125.936
-125.948
-125.958
-126.012
-126.037
-125.992
-125.924
-126.006
-126.042
-125.977
-125.963
-126.102
-126.053
-125.882
-125.869
-126.159
-126.099
-125.85
-126.006
-125.943
-126.003
-126.112
-126.017
-125.95
-125.855
-125.914
-126.038
-126.012
-125.957
-125.962
-125.999
-125.957
-125.895
-125.931
-125.985
-125.879
-125.871
-125.98
-125.981
-125.928
-125.975
-125.922
-125.838
-125.877
-125.939
-125.959
-125.943
-125.893
-125.89
-125.964
-125.93
-125.919
-125.991
-125.935
-125.886
-125.944
-126.059
-126.086
-126.019
-125.946
-125.861
-125.792
-125.955
-126.094
-126.11
-126.062
-125.93
-125.87
-125.849
-125.997
-126.01
-125.937
-125.907
-125.904
-125.891
-125.914
-125.914
-125.906
-125.92
-125.919
-125.909
-125.909
-125.912
-125.871
-125.918
-126.009
-125.959
-125.874
-125.884
-125.941
-125.943
-125.885
-125.883
-125.908
-125.909
-125.94
-125.995
-126.02
-125.873
-125.805
-125.96
-126.018
-125.94
-125.937
-125.966
-125.947
-125.861
-125.857
-125.938
-125.976
-126.007
-126.013
-125.925
-125.829
-125.956
-126.064
-125.996
-125.91
-125.908
-125.91
-125.852
-125.927
-126.119
-126.026
-125.851
-125.838
-125.931
-126.045
-126.027
-125.939
-125.861
-125.911
-125.952
-125.952
-126.014
-126.072
-125.601
-125.995
-126.167
-126.163
-125.976
-125.752
-125.901
-125.994
-125.98
-126.007
-126.001
-125.85
-125.829
-125.97
-126.085
-126.073
-125.978
-125.965
-125.965
-125.877
-125.959
-126.156
-126.153
-125.962
-125.941
-126.064
-126.169
-126.016
-125.91
-125.97
-125.962
-125.988
-126.08
-126.028
-125.916
-125.983
-126.043
-125.977
-125.901
-125.815
-125.874
-126.019
-126.032
-125.94
-125.891
-125.925
-125.929
-125.954
-125.956
-125.963
-126.005
-125.995
-125.911
-125.799
-125.859
-126.035
-126.096
-126.021
-125.834
-125.818
-125.987
-126.062
-125.992
-125.87
-125.855
-125.952
-125.984
-125.965
-125.99
-125.927
-125.893
-125.968
-125.966
-125.974
-125.98
-125.898
-125.932
-126.076
-126.11
-126.026
-125.863
-125.918
-126.009
-125.986
-125.979
-125.973
-126.015
-126.01
-125.857
-125.949
-126.032
-126.025
-125.975
-125.931
-125.945
-125.966
-125.938
-125.939
-125.922
-125.852
-125.98
-125.958
-125.999
-126.184
-125.919
-125.854
-126.105
-126.083
-126.008
-125.884
-125.913
-125.96
-125.937
-126.049
-126.095
-125.925
-125.823
-126.014
-126.091
-125.979
-125.881
-125.947
-126.082
-125.972
-125.794
-126.017
-126.079
-125.968
-125.994
-125.998
-125.899
-125.853
-125.98
-126.064
-125.998
-125.943
-125.954
-125.919
-125.858
-125.959
-126.045
-125.989
-125.921
-125.901
-125.938
-125.958
-125.979
-126.005
-126.021
-125.971
-125.806
-125.756
-125.918
-126.009
-126.036
-126.042
-125.982
-125.83
-125.892
-125.999
-126.042
-125.964
-125.919
-125.927
-125.96
-126.05
-126.019
-125.907
-125.907
-125.991
-126.028
-125.971
-125.973
-125.995
-125.952
-125.989
-126.096
-125.999
-125.816
-126.085
-126.056
-125.934
-125.919
-125.942
-125.96
-125.95
-125.936
-125.955
-126.027
-125.968
-126.03
-125.937
-125.832
-125.915
-126.068
-126.173
-126.105
-125.89
-125.872
-125.93
-125.99
-126.003
-125.995
-125.985
-125.934
-125.908
-125.952
-126.008
-125.981
-125.923
-125.949
-125.999
-125.977
-125.911
-125.903
-125.919
-125.93
-126.014
-126.053
-126.046
-126.023
-125.951
-125.914
-125.943
-125.947
-126
-126.061
-125.875
-125.933
-126.02
-126.075
-126.073
-125.801
-125.945
-126.043
-126.047
-125.987
-125.871
-125.785
-126.028
-126.195
-126.077
-125.878
-125.948
-126.066
-126.046
-125.98
-125.993
-126.061
-125.98
-126.128
-126.046
-125.97
-125.971
-125.989
-125.961
-125.903
-125.903
-125.963
-125.989
-125.922
-125.898
-125.93
-125.939
-125.946
-125.932
-125.93
-125.9
-125.878
-125.934
-125.961
-125.948
-125.949
-125.933
-125.905
-125.932
-125.926
-125.897
-126.002
-126.075
-126.057
-125.882
-125.874
-126.088
-126.105
-125.933
-125.935
-126.028
-126.052
-125.981
-125.932
-125.952
-125.989
-125.993
-125.99
-125.953
-125.947
-126.02
-126.015
-125.873
-125.927
-125.968
-126.022
-126.01
-125.824
-125.812
-125.938
-126.002
-126.029
-126.015
-125.967
-125.912
-125.898
-125.97
-125.967
-125.972
-125.984
-125.978
-126.106
-125.957
-126.141
-126.18
-125.906
-125.904
-126.012
-126.019
-125.99
-125.964
-125.931
-125.977
-126.003
-125.915
-125.961
-125.982
-125.997
-126.012
-125.87
-125.991
-126.066
-125.964
-125.879
-125.93
-125.984
-125.979
-126.056
-126.032
-125.978
-125.99
-125.992
-125.985
-125.942
-125.991
-125.977
-125.957
-125.954
-126.009
-126.028
-125.878
-125.896
-126.022
-125.988
-125.967
-125.981
-125.976
-125.941
-125.907
-125.866
-125.85
-125.948
-126.014
-126.012
-126.002
-125.977
-125.916
-125.909
-125.929
-125.967
-125.979
-125.947
-125.952
-125.955
-126.034
-126.08
-126.033
-125.962
-125.923
-125.923
-125.971
-125.963
-125.968
-126.076
-126.049
-125.906
-125.882
-125.927
-125.974
-125.966
-125.96
-125.994
-125.992
-125.995
-125.965
-125.853
-125.86
-125.956
-125.996
-125.962
-125.93
-125.938
-125.959
-125.942
-125.881
-125.858
-125.935
-126.042
-126.043
-125.974
-125.823
-125.861
-126.15
-126.165
-125.919
-125.904
-126.028
-126.071
-126.037
-125.934
-125.987
-126.069
-125.957
-125.941
-126.014
-126.053
-126.04
-125.937
-125.887
-126.025
-126.025
-125.922
-125.859
-125.939
-125.99
-126.003
-126.035
-126.02
-125.802
-125.874
-126.024
-126.09
-126.039
-126.015
-125.823
-126.094
-126.039
-125.962
-125.959
-125.928
-125.943
-126.019
-126.062
-126.025
-125.934
-125.893
-125.943
-125.995
-126.101
-126.093
-125.982
-125.986
-126.056
-125.935
-125.925
-126.004
-126.011
-126.022
-126.027
-125.917
-125.804
-126.003
-126.036
-125.951
-125.929
-125.942
-125.982
-126.009
-125.936
-125.822
-125.936
-126.048
-126.086
-126.036
-125.986
-125.929
-126.117
-126.03
-125.883
-126.03
-126.237
-126.066
-125.88
-126.073
-126.152
-126.078
-126.011
-125.902
-125.943
-126.069
-126.196
-126.104
-125.818
-126.021
-126.172
-126.049
-125.961
-126.049
-126.006
-125.966
-126.031
-126.065
-126.045
-125.858
-125.832
-126.036
-126.038
-125.988
-126.016
-125.927
-125.901
-125.97
-125.979
-125.97
-125.975
-125.947
-125.945
-125.964
-125.921
-125.913
-126.026
-126.084
-126.04
-125.966
-125.882
-125.908
-126.004
-126.087
-126.08
-125.962
-125.936
-126.008
-125.861
-126.046
-126.095
-126.005
-125.983
-125.968
-125.917
-125.889
-125.92
-125.981
-125.925
-125.9
-125.985
-126.01
-125.965
-125.965
-125.918
-125.936
-126.085
-125.948
-125.876
-125.993
-126.078
-126.068
-125.968
-125.889
-125.96
-126.025
-125.948
-125.851
-125.973
-126.005
-126.01
-126.024
-126.014
-125.978
-125.893
-125.992
-126.053
-126.101
-125.953
-125.938
-126.027
-126.027
-125.993
-125.975
-126.013
-125.987
-125.919
-125.948
-126.101
-126.131
-125.929
-125.952
-125.997
-126.003
-125.995
-125.983
-125.984
-126.005
-125.958
-125.88
-125.959
-125.963
-126.055
-126.043
-125.948
-125.934
-125.954
-125.95
-126.023
-126.036
-125.911
-125.879
-126.023
-126.085
-126.034
-126.028
-126.061
-125.997
-125.918
-125.964
-126.021
-126.084
-126.11
-125.932
-125.879
-126.022
-126.036
-126.015
-125.969
-125.904
-125.89
-125.982
-126.013
-125.886
-125.906
-126.016
-126.015
-125.952
-125.975
-125.968
-125.915
-125.865
-125.901
-126.059
-126.067
-125.98
-125.958
-125.934
-125.901
-126.048
-126.178
-126.106
-125.81
-125.875
-126.056
-126.053
-125.982
-125.939
-125.939
-125.938
-125.961
-125.937
-125.899
-125.946
-126.038
-126.088
-126.022
-125.905
-125.806
-125.899
-126.105
-126.169
-126.03
-125.989
-126.174
-126.005
-125.816
-126.024
-126.104
-126.033
-125.942
-125.968
-126.014
-125.935
-126
-126.074
-126.039
-125.85
-125.825
-126.066
-126.127
-126.051
-125.949
-125.867
-125.961
-126.077
-125.885
-125.919
-125.989
-126.001
-126.036
-126.07
-126.036
-125.897
-125.824
-125.89
-125.964
-126.02
-126.065
-126.063
-125.95
-125.844
-125.862
-125.973
-126.005
-125.98
-125.944
-125.92
-125.962
-126.029
-126.01
-125.959
-125.947
-125.912
-125.997
-126.055
-125.998
-125.981
-125.973
-125.935
-125.94
-126.043
-126.022
-125.962
-125.996
-126.071
-126.073
-125.962
-125.921
-125.927
-125.928
-125.951
-125.941
-125.964
-125.985
-125.983
-125.928
-125.89
-125.994
-125.939
-125.898
-125.932
-125.949
-125.922
-125.876
-125.873
-125.919
-125.949
-125.954
-125.948
-125.935
-125.903
-125.866
-125.89
-125.98
-126.035
-126.067
-126.033
-125.881
-125.816
-126.025
-126.128
-126.047
-125.984
-126.014
-126.061
-125.977
-125.964
-125.913
-125.918
-126.047
-126.102
-126.036
-125.892
-125.853
-125.904
-125.931
-125.946
-125.932
-125.944
-125.99
-125.925
-125.937
-126.075
-126.067
-125.977
-125.862
-125.924
-125.988
-126.03
-126.075
-126.014
-126.037
-126.098
-126.043
-125.82
-125.81
-126.301
-126.178
-126.071
-125.894
-125.858
-125.95
-126.072
-126.127
-126.081
-125.97
-125.901
-125.886
-125.851
-126.049
-126.125
-126.114
-125.963
-125.885
-125.883
-125.915
-126.012
-126.054
-126.074
-126.095
-125.939
-125.888
-125.981
-126.066
-126.09
-126.049
-125.919
-125.895
-125.987
-126.053
-126.042
-125.867
-125.851
-125.917
-125.964
-126.039
-126.021
-125.891
-125.764
-125.83
-125.985
-125.994
-125.936
-125.911
-125.942
-125.946
-125.939
-125.925
-125.915
-125.992
-125.994
-125.888
-125.986
-126.134
-126.076
-125.867
-125.886
-126.036
-126
-126.007
-126.012
-125.917
-125.93
-126.035
-126.105
-126.094
-125.978
-125.894
-125.977
-125.969
-125.968
-126.066
-126.047
-125.916
-125.863
-125.912
-125.951
-125.947
-125.911
-125.894
-125.914
-125.928
-125.938
-125.95
-125.939
-125.93
