0.0396108
0.0396647
0.0397158
0.039764
0.0398094
0.0398519
0.0398915
0.0399282
0.0399621
0.039993
0.0400211
0.0400462
0.0400685
0.0400879
0.0401043
0.0401179
0.0401285
0.0401363
0.0401411
0.040143
0.0401421
0.0401382
0.0401314
0.0401218
0.0401092
0.0400937
0.0400754
0.0400541
0.04003
0.040003
0.0399731
0.0399404
0.0399048
0.0398663
0.039825
0.0397809
0.0397339
0.0396841
0.0396315
0.0395761
0.0395178
0.0394568
0.039393
0.0393265
0.0392571
0.0391851
0.0391103
0.0390327
0.0389525
0.0388696
0.038784
0.0386957
0.0386047
0.0385111
0.0384149
0.0383161
0.0382147
0.0381107
0.0380041
0.037895
0.0377834
0.0376692
0.0375525
0.0374334
0.0373118
0.0371878
0.0370613
0.0369324
0.0368012
0.0366676
0.0365317
0.0363934
0.0362528
0.03611
0.0359649
0.0358175
0.035668
0.0355162
0.0353623
0.0352063
0.0350481
0.0348879
0.0347255
0.0345611
0.0343947
0.0342263
0.034056
0.0338836
0.0337094
0.0335333
0.0333553
0.0331754
0.0329938
0.0328103
0.0326251
0.0324382
0.0322496
0.0320593
0.0318673
0.0316737
0.0314786
0.0312819
0.0310836
0.0308839
0.0306826
0.03048
0.0302759
0.0300704
0.0298636
0.0296555
0.029446
0.0292353
0.0290234
0.0288103
0.0285961
0.0283806
0.0281641
0.0279466
0.0277279
0.0275083
0.0272877
0.0270662
0.0268437
0.0266204
0.0263963
0.0261713
0.0259455
0.0257191
0.0254918
0.025264
0.0250354
0.0248063
0.0245766
0.0243463
0.0241156
0.0238843
0.0236526
0.0234206
0.0231881
0.0229553
0.0227222
0.0224888
0.0222551
0.0220213
0.0217873
0.0215531
0.0213189
0.0210846
0.0208502
0.0206159
0.0203815
0.0201473
0.0199131
0.0196791
0.0194453
0.0192116
0.0189782
0.018745
0.0185122
0.0182797
0.0180475
0.0178158
0.0175845
0.0173536
0.0171233
0.0168935
0.0166643
0.0164357
0.0162077
0.0159803
0.0157537
0.0155278
0.0153027
0.0150784
0.0148549
0.0146322
0.0144105
0.0141896
0.0139698
0.0137509
0.013533
0.0133162
0.0131005
0.0128859
0.0126724
0.0124601
0.012249
0.0120391
0.0118305
0.0116231
0.0114171
0.0112125
0.0110092
0.0108073
0.0106069
0.010408
0.0102105
0.0100145
0.00982013
0.0096273
0.00943608
0.00924648
0.00905854
0.00887229
0.00868774
0.00850493
0.00832388
0.00814462
0.00796717
0.00779155
0.00761779
0.00744592
0.00727596
0.00710793
0.00694186
0.00677776
0.00661567
0.00645561
0.00629759
0.00614164
0.00598778
0.00583603
0.00568641
0.00553895
0.00539367
0.00525058
0.0051097
0.00497106
0.00483466
0.00470054
0.00456871
0.00443919
0.004312
0.00418714
0.00406465
0.00394454
0.00382681
0.0037115
0.00359861
0.00348817
0.00338018
0.00327465
0.00317162
0.00307108
0.00297305
0.00287755
0.00278459
0.00269417
0.00260632
0.00252105
0.00243836
0.00235826
0.00228077
0.0022059
0.00213366
0.00206405
0.00199709
0.00193278
0.00187113
0.00181216
0.00175586
0.00170225
0.00165133
0.00160311
0.00155759
0.00151478
0.00147469
0.00143731
0.00140266
0.00137074
0.00134155
0.0013151
0.00129138
0.00127041
0.00125218
0.00123669
0.00122395
0.00121395
0.0012067
0.0012022
0.00120044
0.00120144
0.00120517
0.00121165
0.00122087
0.00123284
0.00124753
0.00126497
0.00128513
0.00130802
0.00133363
0.00136197
0.00139301
0.00142676
0.00146322
0.00150237
0.00154421
0.00158873
0.00163593
0.0016858
0.00173833
0.00179351
0.00185133
0.00191178
0.00197486
0.00204056
0.00210886
0.00217975
0.00225322
0.00232927
0.00240788
0.00248903
0.00257272
0.00265893
0.00274765
0.00283887
0.00293257
0.00302874
0.00312736
0.00322842
0.0033319
0.00343779
0.00354608
0.00365674
0.00376975
0.00388512
0.0040028
0.0041228
0.00424508
0.00436964
0.00449645
0.00462549
0.00475675
0.0048902
0.00502584
0.00516362
0.00530355
0.00544559
0.00558972
0.00573593
0.00588419
0.00603448
0.00618677
0.00634105
0.0064973
0.00665549
0.00681559
0.00697758
0.00714145
0.00730716
0.00747469
0.00764403
0.00781513
0.00798798
0.00816255
0.00833882
0.00851677
0.00869635
0.00887756
0.00906036
0.00924473
0.00943064
0.00961806
0.00980696
0.00999733
0.0101891
0.0103823
0.0105769
0.0107728
0.01097
0.0111686
0.0113684
0.0115694
0.0117716
0.011975
0.0121796
0.0123852
0.012592
0.0127998
0.0130086
0.0132184
0.0134292
0.0136409
0.0138536
0.0140671
0.0142814
0.0144966
0.0147125
0.0149292
0.0151466
0.0153647
0.0155835
0.0158029
0.0160229
0.0162434
0.0164645
0.016686
0.0169081
0.0171306
0.0173534
0.0175767
0.0178003
0.0180242
0.0182484
0.0184728
0.0186974
0.0189222
0.0191472
0.0193723
0.0195974
0.0198226
0.0200479
0.0202731
0.0204983
0.0207234
0.0209484
0.0211732
0.0213979
0.0216223
0.0218466
0.0220705
0.0222942
0.0225175
0.0227405
0.022963
0.0231852
0.0234069
0.023628
0.0238487
0.0240688
0.0242883
0.0245072
0.0247255
0.0249431
0.0251599
0.0253761
0.0255914
0.025806
0.0260197
0.0262326
0.0264445
0.0266556
0.0268657
0.0270748
0.0272829
0.0274899
0.0276959
0.0279008
0.0281046
0.0283072
0.0285086
0.0287088
0.0289077
0.0291054
0.0293018
0.0294969
0.0296906
0.0298829
0.0300738
0.0302633
0.0304513
0.0306378
0.0308228
0.0310063
0.0311882
0.0313685
0.0315472
0.0317242
0.0318996
0.0320733
0.0322452
0.0324154
0.0325839
0.0327506
0.0329154
0.0330784
0.0332396
0.0333989
0.0335562
0.0337117
0.0338652
0.0340167
0.0341663
0.0343138
0.0344593
0.0346027
0.0347441
0.0348834
0.0350205
0.0351556
0.0352884
0.0354192
0.0355477
0.035674
0.0357981
0.03592
0.0360396
0.0361569
0.036272
0.0363847
0.0364951
0.0366032
0.036709
0.0368123
0.0369133
0.0370119
0.0371081
0.0372019
0.0372932
0.0373821
0.0374685
0.0375525
0.037634
0.037713
0.0377894
0.0378634
0.0379348
0.0380038
0.0380701
0.0381339
0.0381952
0.0382539
0.03831
0.0383635
0.0384145
0.0384628
0.0385085
0.0385516
0.0385921
0.03863
0.0386653
0.0386979
0.0387279
0.0387553
0.03878
0.038802
0.0388215
0.0388382
0.0388523
0.0388638
0.0388726
0.0388788
0.0388823
0.0388831
0.0388813
0.0388768
0.0388697
0.0388599
0.0388475
0.0388325
0.0388147
0.0387944
0.0387714
0.0387458
0.0387175
0.0386866
0.0386531
0.038617
0.0385783
0.038537
0.038493
0.0384465
0.0383974
0.0383457
0.0382915
0.0382347
0.0381753
0.0381134
0.038049
0.0379821
0.0379126
0.0378406
0.0377662
0.0376893
0.0376098
0.037528
0.0374437
0.0373569
0.0372678
0.0371762
0.0370823
0.0369859
0.0368872
0.0367862
0.0366828
0.0365771
0.0364691
0.0363588
0.0362462
0.0361314
0.0360144
0.0358951
0.0357736
0.0356499
0.0355241
0.0353961
0.035266
0.0351338
0.0349995
0.0348631
0.0347246
0.0345842
0.0344417
0.0342972
0.0341508
0.0340024
0.0338521
0.0336999
0.0335457
0.0333898
0.033232
0.0330724
0.032911
0.0327478
0.0325829
0.0324162
0.0322479
0.0320779
0.0319063
0.031733
0.0315581
0.0313817
0.0312037
0.0310242
0.0308432
0.0306608
0.0304769
0.0302915
0.0301048
0.0299168
0.0297274
0.0295367
0.0293447
0.0291515
0.028957
0.0287614
0.0285646
0.0283666
0.0281676
0.0279674
0.0277663
0.0275641
0.0273609
0.0271567
0.0269516
0.0267456
0.0265387
0.026331
0.0261225
0.0259132
0.0257031
0.0254923
0.0252808
0.0250686
0.0248559
0.0246425
0.0244285
0.024214
0.023999
0.0237835
0.0235676
0.0233512
0.0231345
0.0229174
0.0227
0.0224823
0.0222643
0.0220462
0.0218278
0.0216092
0.0213905
0.0211717
0.0209529
0.020734
0.020515
0.0202962
0.0200773
0.0198586
0.0196399
0.0194214
0.0192031
0.018985
0.0187672
0.0185496
0.0183323
0.0181154
0.0178988
0.0176826
0.0174669
0.0172516
0.0170368
0.0168225
0.0166088
0.0163956
0.0161831
0.0159712
0.01576
0.0155495
0.0153397
0.0151307
0.0149224
0.014715
0.0145085
0.0143028
0.0140981
0.0138943
0.0136914
0.0134896
0.0132888
0.013089
0.0128903
0.0126928
0.0124963
0.0123011
0.012107
0.0119142
0.0117226
0.0115323
0.0113434
0.0111557
0.0109694
0.0107845
0.010601
0.0104189
0.0102383
0.0100592
0.00988165
0.00970561
0.00953113
0.00935824
0.00918696
0.00901733
0.00884936
0.00868308
0.0085185
0.00835567
0.00819459
0.00803529
0.00787779
0.00772212
0.00756829
0.00741633
0.00726627
0.00711811
0.00697189
0.00682762
0.00668532
0.00654502
0.00640673
0.00627047
0.00613626
0.00600412
0.00587408
0.00574614
0.00562032
0.00549665
0.00537514
0.00525581
0.00513867
0.00502374
0.00491103
0.00480057
0.00469237
0.00458644
0.0044828
0.00438146
0.00428243
0.00418574
0.00409139
0.0039994
0.00390977
0.00382253
0.00373768
0.00365523
0.00357521
0.00349761
0.00342245
0.00334974
0.00327948
0.0032117
0.00314639
0.00308357
0.00302325
0.00296543
0.00291012
0.00285733
0.00280706
0.00275933
0.00271414
0.00267149
0.00263139
0.00259385
0.00255887
0.00252646
0.00249661
0.00246934
0.00244464
0.00242253
0.002403
0.00238605
0.00237169
0.00235992
0.00235074
0.00234414
0.00234014
0.00233874
0.00233992
0.00234369
0.00235005
0.002359
0.00237054
0.00238466
0.00240136
0.00242064
0.0024425
0.00246693
0.00249393
0.00252349
0.00255561
0.00259028
0.0026275
0.00266727
0.00270957
0.0027544
0.00280176
0.00285163
0.00290401
0.00295889
0.00301627
0.00307613
0.00313846
0.00320326
0.00327051
0.00334021
0.00341234
0.0034869
0.00356387
0.00364325
0.00372501
0.00380916
0.00389567
0.00398453
0.00407573
0.00416926
0.0042651
0.00436324
0.00446366
0.00456635
0.0046713
0.00477849
0.0048879
0.00499952
0.00511332
0.00522931
0.00534744
0.00546772
0.00559013
0.00571463
0.00584123
0.00596989
0.0061006
0.00623334
0.0063681
0.00650484
0.00664356
0.00678423
0.00692682
0.00707133
0.00721773
0.007366
0.00751612
0.00766805
0.0078218
0.00797732
0.0081346
0.00829362
0.00845435
0.00861677
0.00878086
0.00894659
0.00911393
0.00928288
0.00945339
0.00962544
0.00979902
0.0099741
0.0101506
0.0103286
0.010508
0.0106888
0.010871
0.0110545
0.0112393
0.0114255
0.0116128
0.0118014
0.0119913
0.0121823
0.0123744
0.0125677
0.0127621
0.0129575
0.013154
0.0133515
0.01355
0.0137494
0.0139498
0.0141511
0.0143532
0.0145562
0.01476
0.0149646
0.0151699
0.015376
0.0155827
0.0157902
0.0159982
0.0162069
0.0164161
0.0166259
0.0168362
0.017047
0.0172583
0.01747
0.0176821
0.0178945
0.0181073
0.0183204
0.0185337
0.0187474
0.0189612
0.0191752
0.0193894
0.0196036
0.019818
0.0200325
0.0202469
0.0204614
0.0206759
0.0208903
0.0211046
0.0213187
0.0215328
0.0217466
0.0219603
0.0221736
0.0223868
0.0225996
0.0228121
0.0230242
0.0232359
0.0234473
0.0236581
0.0238685
0.0240783
0.0242877
0.0244964
0.0247046
0.0249121
0.0251189
0.0253251
0.0255306
0.0257353
0.0259392
0.0261423
0.0263446
0.026546
0.0267466
0.0269462
0.0271448
0.0273425
0.0275392
0.0277349
0.0279295
0.028123
0.0283154
0.0285066
0.0286967
0.0288856
0.0290733
0.0292597
0.0294448
0.0296287
0.0298112
0.0299924
0.0301722
0.0303506
0.0305275
0.030703
0.0308771
0.0310496
0.0312206
0.0313901
0.031558
0.0317242
0.0318889
0.0320519
0.0322133
0.0323729
0.0325309
0.0326871
0.0328416
0.0329942
0.0331451
0.0332942
0.0334414
0.0335868
0.0337302
0.0338718
0.0340115
0.0341492
0.0342849
0.0344187
0.0345505
0.0346802
0.034808
0.0349336
0.0350572
0.0351787
0.0352981
0.0354154
0.0355305
0.0356435
0.0357544
0.035863
0.0359694
0.0360736
0.0361756
0.0362754
0.0363729
0.0364681
0.036561
0.0366516
0.03674
0.036826
0.0369096
0.0369909
0.0370699
0.0371465
0.0372207
0.0372925
0.037362
0.037429
0.0374936
0.0375558
0.0376155
0.0376728
0.0377276
0.03778
0.0378299
0.0378774
0.0379223
0.0379648
0.0380048
0.0380423
0.0380773
0.0381098
0.0381397
0.0381672
0.0381921
0.0382145
0.0382344
0.0382518
0.0382666
0.0382789
0.0382887
0.0382959
0.0383006
0.0383027
0.0383023
0.0382994
0.038294
0.038286
0.0382755
0.0382624
0.0382468
0.0382287
0.0382081
0.0381849
0.0381592
0.038131
0.0381003
0.0380671
0.0380314
0.0379932
0.0379525
0.0379093
0.0378636
0.0378155
0.0377649
0.0377119
0.0376563
0.0375984
0.037538
0.0374752
0.03741
0.0373423
0.0372723
0.0371999
0.0371251
9.26559
9.26338
9.26051
9.25697
9.25277
9.2479
9.24237
9.23619
9.22935
9.22185
9.2137
9.20491
9.19547
9.18538
9.17466
9.16329
9.1513
9.13867
9.12541
9.11152
9.09701
9.08189
9.06614
9.04979
9.03282
9.01525
8.99708
8.97831
8.95895
8.939
8.91846
8.89733
8.87564
8.85336
8.83052
8.80711
8.78314
8.75862
8.73354
8.70791
8.68175
8.65504
8.6278
8.60003
8.57174
8.54293
8.51361
8.48377
8.45344
8.4226
8.39127
8.35946
8.32715
8.29438
8.26113
8.22741
8.19323
8.15859
8.12351
8.08798
8.052
8.0156
7.97877
7.94151
7.90384
7.86576
7.82728
7.78839
7.74911
7.70945
7.6694
7.62898
7.58819
7.54703
7.50552
7.46366
7.42145
7.37891
7.33603
7.29283
7.24931
7.20547
7.16132
7.11688
7.07214
7.02711
6.9818
6.93622
6.89036
6.84424
6.79787
6.75124
6.70438
6.65727
6.60994
6.56238
6.5146
6.46661
6.41842
6.37002
6.32144
6.27267
6.22372
6.1746
6.12532
6.07587
6.02628
5.97653
5.92665
5.87663
5.82649
5.77623
5.72585
5.67536
5.62478
5.5741
5.52333
5.47248
5.42156
5.37057
5.31952
5.26841
5.21725
5.16605
5.11481
5.06354
5.01225
4.96094
4.90963
4.8583
4.80698
4.75566
4.70436
4.65308
4.60183
4.55061
4.49943
4.44829
4.39721
4.34618
4.29521
4.24432
4.1935
4.14276
4.09211
4.04155
3.9911
3.94074
3.8905
3.84038
3.79038
3.7405
3.69077
3.64117
3.59172
3.54241
3.49327
3.44429
3.39548
3.34684
3.29838
3.2501
3.20202
3.15413
3.10644
3.05896
3.01169
2.96464
2.91781
2.8712
2.82483
2.7787
2.73281
2.68716
2.64177
2.59664
2.55177
2.50717
2.46283
2.41878
2.37501
2.33152
2.28833
2.24543
2.20283
2.16054
2.11855
2.07689
2.03553
1.9945
1.9538
1.91343
1.8734
1.8337
1.79435
1.75535
1.7167
1.6784
1.64046
1.60289
1.56569
1.52886
1.4924
1.45632
1.42063
1.38532
1.3504
1.31588
1.28175
1.24803
1.2147
1.18179
1.14928
1.11719
1.08552
1.05427
1.02344
0.993036
0.963063
0.933522
0.904416
0.875749
0.847522
0.81974
0.792404
0.765517
0.739083
0.713102
0.687579
0.662515
0.637913
0.613774
0.590103
0.5669
0.544168
0.521909
0.500126
0.47882
0.457993
0.437647
0.417784
0.398407
0.379516
0.361114
0.343202
0.325782
0.308856
0.292425
0.27649
0.261053
0.246116
0.231679
0.217745
0.204313
0.191387
0.178965
0.167051
0.155644
0.144746
0.134357
0.124479
0.115112
0.106258
0.0979159
0.0900875
0.0827732
0.0759735
0.0696891
0.0639203
0.0586675
0.0539312
0.0497116
0.046009
0.0428236
0.0401555
0.0380049
0.0363718
0.0352562
0.0346582
0.0345774
0.0350139
0.0359675
0.0374378
0.0394246
0.0419275
0.0449462
0.0484801
0.0525288
0.0570917
0.0621682
0.0677577
0.0738595
0.0804728
0.0875968
0.0952306
0.103373
0.112024
0.121182
0.130846
0.141014
0.151687
0.162862
0.174538
0.186714
0.199389
0.212561
0.226229
0.240391
0.255046
0.270192
0.285828
0.301951
0.318561
0.335656
0.353232
0.37129
0.389826
0.408839
0.428327
0.448288
0.46872
0.48962
0.510986
0.532817
0.555109
0.577861
0.60107
0.624733
0.648849
0.673414
0.698427
0.723884
0.749783
0.776122
0.802897
0.830105
0.857745
0.885812
0.914305
0.94322
0.972554
1.0023
1.03247
1.06304
1.09402
1.1254
1.15719
1.18937
1.22194
1.25491
1.28826
1.32199
1.35611
1.3906
1.42547
1.4607
1.4963
1.53226
1.56858
1.60525
1.64228
1.67965
1.71736
1.75542
1.7938
1.83252
1.87157
1.91094
1.95062
1.99063
2.03094
2.07156
2.11248
2.15369
2.19521
2.23701
2.27909
2.32146
2.3641
2.40701
2.45018
2.49362
2.53732
2.58127
2.62547
2.66991
2.71459
2.75951
2.80465
2.85002
2.89561
2.94141
2.98742
3.03363
3.08005
3.12666
3.17346
3.22044
3.26761
3.31495
3.36245
3.41013
3.45796
3.50594
3.55407
3.60235
3.65076
3.69931
3.74798
3.79677
3.84569
3.89471
3.94383
3.99306
4.04238
4.09179
4.14129
4.19086
4.2405
4.29021
4.33998
4.38981
4.43969
4.48961
4.53956
4.58956
4.63957
4.68961
4.73967
4.78973
4.8398
4.88986
4.93992
4.98996
5.03999
5.08999
5.13995
5.18988
5.23977
5.28961
5.33939
5.38911
5.43876
5.48835
5.53785
5.58727
5.63659
5.68582
5.73495
5.78396
5.83287
5.88165
5.9303
5.97882
6.02721
6.07544
6.12353
6.17146
6.21922
6.26682
6.31424
6.36148
6.40853
6.45539
6.50204
6.5485
6.59474
6.64076
6.68656
6.73213
6.77746
6.82255
6.8674
6.91199
6.95632
7.00038
7.04418
7.08769
7.13093
7.17387
7.21651
7.25886
7.3009
7.34262
7.38403
7.42511
7.46586
7.50627
7.54634
7.58607
7.62544
7.66445
7.70309
7.74137
7.77926
7.81678
7.85391
7.89064
7.92698
7.96291
7.99843
8.03353
8.06822
8.10248
8.1363
8.16969
8.20264
8.23514
8.26719
8.29877
8.3299
8.36056
8.39074
8.42045
8.44967
8.47841
8.50665
8.53439
8.56163
8.58836
8.61458
8.64028
8.66546
8.69012
8.71424
8.73783
8.76088
8.78338
8.80534
8.82674
8.84759
8.86787
8.88759
8.90674
8.92532
8.94332
8.96074
8.97757
8.99382
9.00947
9.02453
9.03899
9.05285
9.0661
9.07874
9.09076
9.10218
9.11297
9.12314
9.13269
9.14161
9.1499
9.15755
9.16457
9.17095
9.17669
9.18179
9.18624
9.19005
9.1932
9.1957
9.19755
9.19874
9.19928
9.19916
9.19837
9.19692
9.19481
9.19204
9.18859
9.18448
9.17971
9.17426
9.16814
9.16135
9.15389
9.14576
9.13695
9.12747
9.11732
9.10649
9.095
9.08282
9.06998
9.05646
9.04227
9.02741
9.01187
8.99567
8.97879
8.96125
8.94303
8.92415
8.90461
8.8844
8.86353
8.842
8.8198
8.79695
8.77345
8.74929
8.72448
8.69902
8.67291
8.64616
8.61876
8.59073
8.56206
8.53276
8.50283
8.47227
8.44108
8.40928
8.37686
8.34383
8.31019
8.27594
8.24109
8.20565
8.16961
8.13298
8.09577
8.05798
8.01962
7.98068
7.94118
7.90112
7.86051
7.81934
7.77764
7.73539
7.69261
7.64931
7.60548
7.56114
7.51629
7.47094
7.42509
7.37875
7.33193
7.28463
7.23686
7.18863
7.13994
7.0908
7.04123
6.99121
6.94077
6.88992
6.83864
6.78697
6.7349
6.68244
6.6296
6.57639
6.52282
6.46889
6.41461
6.35999
6.30505
6.24978
6.1942
6.13832
6.08214
6.02568
5.96894
5.91194
5.85468
5.79717
5.73942
5.68144
5.62324
5.56483
5.50623
5.44743
5.38845
5.32931
5.27
5.21055
5.15095
5.09123
5.03138
4.97143
4.91138
4.85124
4.79103
4.73075
4.67041
4.61003
4.54962
4.48918
4.42873
4.36828
4.30783
4.24741
4.18702
4.12667
4.06638
4.00614
3.94599
3.88592
3.82595
3.76609
3.70635
3.64674
3.58727
3.52796
3.46881
3.40983
3.35105
3.29246
3.23408
3.17593
3.118
3.06032
3.00289
2.94573
2.88884
2.83224
2.77594
2.71995
2.66428
2.60894
2.55395
2.4993
2.44502
2.39111
2.33759
2.28447
2.23175
2.17944
2.12757
2.07613
2.02514
1.97461
1.92455
1.87496
1.82586
1.77727
1.72918
1.6816
1.63456
1.58805
1.54209
1.49668
1.45184
1.40758
1.36389
1.3208
1.27831
1.23643
1.19517
1.15453
1.11453
1.07518
1.03647
0.998427
0.961049
0.924345
0.888324
0.852992
0.818358
0.784428
0.751209
0.718707
0.686931
0.655886
0.625578
0.596014
0.567199
0.539141
0.511843
0.485313
0.459555
0.434574
0.410376
0.386966
0.364347
0.342526
0.321505
0.301289
0.281883
0.26329
0.245514
0.228557
0.212424
0.197118
0.182641
0.168997
0.156186
0.144214
0.13308
0.122787
0.113338
0.104733
0.0969738
0.0900621
0.0839986
0.0787842
0.0744196
0.0709052
0.0682413
0.066428
0.0654651
0.0653524
0.0660894
0.0676754
0.0701096
0.0733908
0.0775179
0.0824894
0.0883037
0.0949591
0.102453
0.110785
0.119951
0.129948
0.140775
0.152429
0.164906
0.178203
0.192316
0.207243
0.222979
0.23952
0.256863
0.275002
0.293934
0.313654
0.334157
0.355439
0.377493
0.400315
0.4239
0.448242
0.473335
0.499173
0.52575
0.553061
0.581099
0.609857
0.639329
0.669508
0.700387
0.73196
0.764218
0.797156
0.830766
0.865039
0.899969
0.935548
0.971768
1.00862
1.0461
1.08419
1.1229
1.1622
1.2021
1.24258
1.28363
1.32525
1.36743
1.41015
1.45342
1.49721
1.54153
1.58635
1.63168
1.67751
1.72381
1.77059
1.81784
1.86554
1.91369
1.96227
2.01128
2.06071
2.11054
2.16077
2.21138
2.26238
2.31373
2.36545
2.41752
2.46992
2.52264
2.57569
2.62904
2.68269
2.73662
2.79083
2.84531
2.90004
2.95502
3.01024
3.06568
3.12133
3.17719
3.23325
3.28949
3.34591
3.40249
3.45923
3.51611
3.57313
3.63027
3.68753
3.74489
3.80235
3.85989
3.91751
3.97519
4.03293
4.09071
4.14854
4.20638
4.26425
4.32212
4.37999
4.43785
4.49568
4.55349
4.61125
4.66897
4.72663
4.78422
4.84173
4.89916
4.95649
5.01372
5.07083
5.12782
5.18468
5.2414
5.29798
5.35439
5.41064
5.46672
5.52261
5.57831
5.63381
5.68911
5.74419
5.79904
5.85366
5.90804
5.96217
6.01605
6.06966
6.123
6.17607
6.22884
6.28132
6.33349
6.38536
6.43691
6.48814
6.53903
6.58959
6.6398
6.68965
6.73915
6.78828
6.83704
6.88542
6.93341
6.98101
7.02821
7.075
7.12138
7.16734
7.21288
7.25798
7.30265
7.34688
7.39066
7.43398
7.47685
7.51925
7.56117
7.60262
7.64359
7.68407
7.72406
7.76355
7.80254
7.84102
7.87899
7.91644
7.95337
7.98978
8.02565
8.06099
8.09579
8.13004
8.16374
8.1969
8.2295
8.26153
8.29301
8.32391
8.35425
8.38401
8.41319
8.44179
8.46981
8.49723
8.52407
8.55031
8.57596
8.60101
8.62545
8.64929
8.67253
8.69515
8.71716
8.73856
8.75934
8.77951
8.79905
8.81797
8.83627
8.85395
8.87099
8.88741
8.9032
8.91836
8.93289
8.94679
8.96005
8.97268
8.98467
8.99603
9.00675
9.01683
9.02628
9.03509
9.04326
9.0508
9.0577
9.06396
9.06959
9.07457
9.07893
9.08264
9.08573
9.08817
9.08999
9.09117
9.09172
9.09164
9.09093
9.0896
9.08764
9.08505
9.08184
9.078
9.07355
9.06847
9.06278
9.05648
9.04956
9.04203
9.0339
9.02516
9.01581
9.00586
8.99531
8.98417
8.97243
8.9601
8.94718
8.93368
8.91959
8.90493
8.88969
8.87387
8.85748
8.84053
8.82301
8.80493
8.7863
8.76711
8.74737
8.72708
8.70625
8.68488
8.66298
8.64054
8.61758
8.59409
8.57008
8.54556
8.52052
8.49498
8.46893
8.44239
8.41535
8.38781
8.35979
17.5482
17.5056
17.4619
17.4171
17.3712
17.3242
17.2762
17.2272
17.1771
17.126
17.0739
17.0207
16.9666
16.9114
16.8553
16.7982
16.7402
16.6812
16.6213
16.5604
16.4986
16.4359
16.3723
16.3078
16.2424
16.1761
16.109
16.041
15.9722
15.9026
15.8321
15.7608
15.6888
15.6159
15.5423
15.4679
15.3928
15.3169
15.2403
15.1629
15.0849
15.0061
14.9267
14.8466
14.7658
14.6844
14.6024
14.5197
14.4364
14.3525
14.268
14.1829
14.0973
14.011
13.9243
13.837
13.7492
13.6609
13.572
13.4827
13.393
13.3027
13.212
13.1209
13.0293
12.9373
12.845
12.7522
12.659
12.5655
12.4716
12.3774
12.2829
12.188
12.0929
11.9974
11.9016
11.8056
11.7094
11.6128
11.5161
11.4191
11.3219
11.2246
11.127
11.0293
10.9314
10.8333
10.7351
10.6368
10.5384
10.4399
10.3413
10.2426
10.1438
10.045
9.94615
9.84727
9.74837
9.64946
9.55057
9.45168
9.35283
9.25402
9.15526
9.05656
8.95794
8.8594
8.76097
8.66264
8.56443
8.46635
8.36842
8.27065
8.17303
8.0756
7.97835
7.8813
7.78446
7.68785
7.59146
7.49532
7.39942
7.3038
7.20844
7.11337
7.0186
6.92413
6.82998
6.73615
6.64266
6.54952
6.45674
6.36432
6.27227
6.18062
6.08936
5.9985
5.90807
5.81805
5.72847
5.63934
5.55066
5.46244
5.37469
5.28743
5.20065
5.11438
5.02861
4.94336
4.85863
4.77444
4.69079
4.60769
4.52514
4.44317
4.36177
4.28096
4.20074
4.12111
4.0421
3.9637
3.88592
3.80877
3.73227
3.6564
3.58119
3.50664
3.43276
3.35954
3.28702
3.21517
3.14403
3.07358
3.00384
2.93482
2.86652
2.79894
2.7321
2.66599
2.60063
2.53603
2.47218
2.40909
2.34677
2.28523
2.22446
2.16448
2.1053
2.0469
1.98931
1.93252
1.87655
1.82139
1.76705
1.71354
1.66085
1.609
1.55799
1.50782
1.4585
1.41003
1.36242
1.31566
1.26977
1.22475
1.1806
1.13732
1.09492
1.0534
1.01277
0.973023
0.934169
0.89621
0.859149
0.822988
0.78773
0.753378
0.719935
0.687404
0.655786
0.625085
0.595302
0.56644
0.538501
0.511487
0.485401
0.460243
0.436016
0.412721
0.39036
0.368936
0.348448
0.328899
0.310289
0.292621
0.275895
0.260111
0.245272
0.231378
0.21843
0.206428
0.195373
0.185266
0.176106
0.167895
0.160632
0.154319
0.148953
0.144537
0.141069
0.13855
0.136979
0.136356
0.13668
0.137951
0.140168
0.143331
0.147439
0.15249
0.158485
0.165421
0.173298
0.182114
0.191868
0.202559
0.214186
0.226745
0.240237
0.254659
0.270009
0.286286
0.303487
0.32161
0.340654
0.360615
0.381491
0.403281
0.425981
0.449588
0.474101
0.499516
0.52583
0.55304
0.581144
0.610138
0.640019
0.670783
0.702428
0.734949
0.768344
0.802608
0.837738
0.873729
0.910579
0.948283
0.986837
1.02624
1.06648
1.10756
1.14947
1.19221
1.23577
1.28015
1.32535
1.37136
1.41817
1.46578
1.51419
1.56339
1.61337
1.66413
1.71567
1.76797
1.82104
1.87487
1.92945
1.98477
2.04084
2.09764
2.15517
2.21343
2.2724
2.33208
2.39247
2.45356
2.51534
2.57781
2.64096
2.70478
2.76926
2.83441
2.90022
2.96667
3.03376
3.10148
3.16984
3.23881
3.3084
3.37859
3.44938
3.52076
3.59273
3.66528
3.7384
3.81208
3.88632
3.9611
4.03643
4.11229
4.18868
4.26558
4.343
4.42092
4.49934
4.57824
4.65763
4.73748
4.81781
4.89858
4.97981
5.06148
5.14358
5.22611
5.30905
5.3924
5.47615
5.5603
5.64483
5.72973
5.815
5.90064
5.98662
6.07295
6.15961
6.24659
6.3339
6.42151
6.50942
6.59763
6.68612
6.77488
6.86391
6.95319
7.04273
7.13251
7.22251
7.31274
7.40319
7.49384
7.58468
7.67571
7.76692
7.8583
7.94984
8.04153
8.13337
8.22534
8.31743
8.40964
8.50195
8.59436
8.68686
8.77944
8.87208
8.96479
9.05755
9.15035
9.24318
9.33604
9.4289
9.52178
9.61465
9.7075
9.80033
9.89313
9.98588
10.0786
10.1712
10.2638
10.3563
10.4487
10.541
10.6332
10.7252
10.8172
10.909
11.0006
11.0921
11.1834
11.2746
11.3655
11.4563
11.5468
11.6372
11.7273
11.8171
11.9067
11.9961
12.0852
12.174
12.2625
12.3508
12.4387
12.5263
12.6136
12.7005
12.7871
12.8734
12.9592
13.0447
13.1298
13.2146
13.2989
13.3827
13.4662
13.5492
13.6318
13.7139
13.7955
13.8767
13.9574
14.0375
14.1172
14.1963
14.275
14.353
14.4306
14.5075
14.5839
14.6597
14.735
14.8096
14.8836
14.957
15.0298
15.1019
15.1734
15.2442
15.3144
15.3839
15.4527
15.5207
15.5881
15.6548
15.7207
15.7859
15.8504
15.9141
15.977
16.0392
16.1005
16.1611
16.2209
16.2798
16.338
16.3953
16.4517
16.5074
16.5621
16.616
16.669
16.7211
16.7724
16.8227
16.8721
16.9206
16.9682
17.0148
17.0605
17.1052
17.149
17.1918
17.2336
17.2744
17.3142
17.353
17.3908
17.4276
17.4634
17.4981
17.5318
17.5644
17.596
17.6265
17.6559
17.6843
17.7115
17.7377
17.7628
17.7867
17.8096
17.8313
17.8519
17.8713
17.8896
17.9068
17.9228
17.9377
17.9514
17.9639
17.9752
17.9854
17.9944
18.0021
18.0087
18.0141
18.0183
18.0212
18.023
18.0235
18.0227
18.0208
18.0176
18.0132
18.0075
18.0006
17.9924
17.983
17.9723
17.9604
17.9472
17.9327
17.917
17.8999
17.8817
17.8621
17.8412
17.8191
17.7957
17.771
17.745
17.7177
17.6892
17.6594
17.6282
17.5958
17.5621
17.5271
17.4908
17.4532
17.4144
17.3742
17.3328
17.2901
17.2461
17.2008
17.1542
17.1064
17.0573
17.0069
16.9552
16.9023
16.8481
16.7927
16.736
16.6781
16.6189
16.5585
16.4968
16.4339
16.3698
16.3045
16.2379
16.1702
16.1012
16.0311
15.9598
15.8873
15.8136
15.7387
15.6628
15.5856
15.5073
15.428
15.3474
15.2658
15.1831
15.0993
15.0144
14.9284
14.8414
14.7534
14.6643
14.5742
14.4831
14.391
14.2979
14.2039
14.1088
14.0129
13.916
13.8182
13.7195
13.6199
13.5195
13.4182
13.316
13.2131
13.1093
13.0047
12.8994
12.7933
12.6864
12.5789
12.4706
12.3616
12.252
12.1417
12.0308
11.9192
11.8071
11.6944
11.5811
11.4673
11.3529
11.2381
11.1227
11.007
10.8907
10.7741
10.657
10.5396
10.4218
10.3036
10.1852
10.0664
9.94738
9.8281
9.70858
9.58884
9.46892
9.34883
9.22859
9.10823
8.98776
8.86722
8.74662
8.62598
8.50533
8.38468
8.26407
8.14352
8.02304
7.90266
7.7824
7.66229
7.54235
7.4226
7.30306
7.18376
7.06472
6.94597
6.82752
6.7094
6.59164
6.47425
6.35726
6.24069
6.12457
6.00892
5.89376
5.77911
5.66501
5.55146
5.4385
5.32615
5.21443
5.10337
4.99298
4.8833
4.77434
4.66612
4.55868
4.45203
4.34619
4.2412
4.13706
4.03381
3.93147
3.83006
3.7296
3.63012
3.53163
3.43417
3.33774
3.24239
3.14811
3.05495
2.96292
2.87204
2.78233
2.69382
2.60653
2.52047
2.43568
2.35216
2.26995
2.18906
2.10951
2.03132
1.95452
1.87911
1.80513
1.7326
1.66152
1.59192
1.52382
1.45724
1.39219
1.32869
1.26677
1.20643
1.1477
1.09059
1.03512
0.981297
0.929149
0.878686
0.829923
0.782875
0.737556
0.693981
0.652162
0.612112
0.573845
0.537372
0.502705
0.469856
0.438835
0.409653
0.38232
0.356844
0.333236
0.311503
0.291654
0.273696
0.257635
0.243478
0.231232
0.2209
0.212489
0.206001
0.201441
0.198812
0.198116
0.199355
0.20253
0.207643
0.214692
0.223678
0.234599
0.247454
0.262241
0.278956
0.297596
0.318158
0.340635
0.365023
0.391317
0.419508
0.449591
0.481558
0.515399
0.551107
0.588671
0.628082
0.669329
0.7124
0.757283
0.803966
0.852437
0.902681
0.954683
1.00843
1.06391
1.1211
1.17998
1.24055
1.30278
1.36666
1.43216
1.49927
1.56797
1.63823
1.71005
1.78339
1.85824
1.93458
2.01238
2.09162
2.17228
2.25433
2.33776
2.42253
2.50863
2.59603
2.6847
2.77462
2.86577
2.95812
3.05163
3.1463
3.24209
3.33897
3.43691
3.5359
3.6359
3.73689
3.83884
3.94172
4.0455
4.15016
4.25566
4.36199
4.4691
4.57698
4.6856
4.79493
4.90493
5.01559
5.12687
5.23874
5.35118
5.46416
5.57766
5.69163
5.80606
5.92092
6.03618
6.15182
6.2678
6.38409
6.50068
6.61753
6.73463
6.85193
6.96942
7.08706
7.20484
7.32273
7.4407
7.55873
7.67678
7.79485
7.9129
8.0309
8.14884
8.2667
8.38444
8.50204
8.61949
8.73675
8.85382
8.97066
9.08725
9.20358
9.31962
9.43535
9.55075
9.66581
9.7805
9.8948
10.0087
10.1222
10.2352
10.3478
10.4599
10.5715
10.6826
10.7931
10.9032
11.0126
11.1215
11.2298
11.3375
11.4446
11.5511
11.6569
11.7621
11.8666
11.9704
12.0735
12.1759
12.2776
12.3786
12.4789
12.5784
12.6771
12.7751
12.8722
12.9686
13.0643
13.1591
13.253
13.3462
13.4386
13.5301
13.6207
13.7105
13.7995
13.8876
13.9748
14.0611
14.1466
14.2312
14.3148
14.3976
14.4795
14.5604
14.6405
14.7196
14.7978
14.8751
14.9514
15.0268
15.1012
15.1747
15.2473
15.3188
15.3895
15.4591
15.5278
15.5956
15.6623
15.7281
15.7928
15.8566
15.9194
15.9812
16.042
16.1019
16.1607
16.2184
16.2752
16.331
16.3857
16.4394
16.4921
16.5438
16.5944
16.644
16.6926
16.7401
16.7865
16.8319
16.8763
16.9195
16.9618
17.0029
17.043
17.082
17.12
17.1568
17.1926
17.2273
17.2609
17.2934
17.3248
17.3551
17.3843
17.4123
17.4393
17.4652
17.4899
17.5136
17.5361
17.5574
17.5777
17.5968
17.6148
17.6316
17.6473
17.6619
17.6753
17.6876
17.6988
17.7088
17.7176
17.7253
17.7318
17.7372
17.7414
17.7445
17.7464
17.7472
17.7468
17.7452
17.7425
17.7387
17.7336
17.7275
17.7201
17.7117
17.702
17.6912
17.6793
17.6663
17.652
17.6367
17.6202
17.6026
17.5838
17.5639
17.5429
17.5208
17.4975
17.4732
17.4477
17.4211
17.3935
17.3647
17.3348
17.3039
17.2719
17.2388
17.2047
17.1695
17.1332
17.0959
17.0576
17.0182
16.9779
16.9365
16.894
16.8506
16.8062
16.7609
16.7145
16.6672
16.6189
16.5697
16.5195
16.4684
16.4164
16.3635
16.3097
16.2549
16.1993
16.1429
16.0855
16.0274
15.9683
15.9085
15.8478
15.7863
15.724
15.6609
15.5971
15.5324
15.4671
15.4009
15.3341
15.2665
15.1982
15.1292
15.0595
14.9891
14.918
14.8463
23.984
23.8903
23.7955
23.6995
23.6022
23.5038
23.4042
23.3035
23.2016
23.0986
22.9945
22.8894
22.7832
22.6759
22.5676
22.4583
22.348
22.2367
22.1245
22.0113
21.8972
21.7822
21.6663
21.5495
21.4318
21.3134
21.194
21.0739
20.953
20.8313
20.7089
20.5857
20.4618
20.3372
20.2118
20.0859
19.9592
19.8319
19.704
19.5755
19.4464
19.3167
19.1864
19.0556
18.9243
18.7924
18.6601
18.5273
18.394
18.2602
18.1261
17.9915
17.8565
17.7211
17.5853
17.4492
17.3127
17.176
17.0389
16.9015
16.7638
16.6258
16.4876
16.3492
16.2105
16.0716
15.9326
15.7933
15.6539
15.5143
15.3746
15.2348
15.0949
14.9549
14.8147
14.6746
14.5344
14.3941
14.2538
14.1135
13.9733
13.833
13.6928
13.5526
13.4125
13.2725
13.1325
12.9927
12.853
12.7134
12.574
12.4347
12.2956
12.1567
12.018
11.8795
11.7412
11.6032
11.4655
11.328
11.1908
11.054
10.9174
10.7812
10.6453
10.5097
10.3746
10.2398
10.1055
9.97151
9.83799
9.70491
9.5723
9.44015
9.30849
9.17733
9.04669
8.91657
8.78699
8.65797
8.52952
8.40166
8.27439
8.14773
8.0217
7.8963
7.77156
7.64748
7.52408
7.40137
7.27937
7.15809
7.03754
6.91773
6.79868
6.68041
6.56291
6.44621
6.33032
6.21525
6.10102
5.98762
5.87509
5.76343
5.65264
5.54275
5.43376
5.32569
5.21855
5.11234
5.00708
4.90278
4.79945
4.6971
4.59574
4.49538
4.39603
4.2977
4.2004
4.10414
4.00893
3.91477
3.82168
3.72966
3.63872
3.54888
3.46013
3.37249
3.28596
3.20056
3.11628
3.03314
2.95115
2.8703
2.7906
2.71207
2.63471
2.55852
2.48352
2.40969
2.33706
2.26563
2.19539
2.12636
2.05855
1.99194
1.92656
1.8624
1.79948
1.73778
1.67732
1.6181
1.56012
1.50339
1.4479
1.39368
1.3407
1.28899
1.23854
1.18935
1.14143
1.09477
1.04939
1.00529
0.962455
0.920901
0.880628
0.841636
0.803928
0.767504
0.732368
0.69852
0.665962
0.634695
0.60472
0.576039
0.548653
0.522564
0.497772
0.474278
0.452083
0.431189
0.411596
0.393305
0.376317
0.360633
0.346253
0.333178
0.321408
0.310945
0.301789
0.29394
0.287399
0.282166
0.278242
0.275627
0.274321
0.274325
0.275638
0.278261
0.282194
0.287437
0.29399
0.301853
0.311026
0.321509
0.333301
0.346402
0.360811
0.37653
0.393555
0.411889
0.431528
0.452474
0.474724
0.498278
0.523136
0.549295
0.576755
0.605514
0.635572
0.666925
0.699574
0.733515
0.768748
0.805269
0.843078
0.882171
0.922547
0.964203
1.00714
1.05134
1.09682
1.14357
1.19158
1.24085
1.29138
1.34317
1.3962
1.45048
1.50601
1.56277
1.62076
1.67998
1.74043
1.80209
1.86496
1.92905
1.99433
2.06081
2.12848
2.19733
2.26736
2.33856
2.41092
2.48444
2.5591
2.63491
2.71185
2.78992
2.86911
2.94941
3.03081
3.1133
3.19688
3.28153
3.36725
3.45403
3.54185
3.63072
3.72061
3.81153
3.90345
3.99637
4.09028
4.18516
4.28102
4.37783
4.47558
4.57427
4.67389
4.77441
4.87584
4.97815
5.08135
5.1854
5.29032
5.39607
5.50265
5.61005
5.71826
5.82725
5.93703
6.04758
6.15888
6.27093
6.3837
6.49719
6.61139
6.72628
6.84185
6.95808
7.07497
7.1925
7.31066
7.42943
7.54881
7.66877
7.78931
7.91041
8.03206
8.15425
8.27697
8.40019
8.52392
8.64813
8.77281
8.89795
9.02355
9.14957
9.27602
9.40288
9.53014
9.65778
9.78579
9.91416
10.0429
10.1719
10.3013
10.431
10.561
10.6912
10.8218
10.9526
11.0836
11.2149
11.3464
11.4782
11.6101
11.7422
11.8745
12.0069
12.1395
12.2723
12.4052
12.5382
12.6713
12.8044
12.9377
13.0711
13.2045
13.3379
13.4714
13.6049
13.7384
13.8719
14.0054
14.1389
14.2723
14.4057
14.539
14.6722
14.8054
14.9384
15.0714
15.2042
15.3369
15.4694
15.6018
15.734
15.866
15.9978
16.1295
16.2608
16.392
16.5229
16.6535
16.7839
16.914
17.0437
17.1732
17.3023
17.4311
17.5596
17.6876
17.8153
17.9426
18.0695
18.1959
18.322
18.4476
18.5727
18.6973
18.8215
18.9451
19.0682
19.1908
19.3129
19.4344
19.5553
19.6756
19.7954
19.9145
20.033
20.1508
20.268
20.3846
20.5004
20.6156
20.73
20.8437
20.9567
21.069
21.1804
21.2911
21.401
21.5101
21.6184
21.7258
21.8325
21.9382
22.0431
22.1471
22.2502
22.3524
22.4537
22.5541
22.6535
22.752
22.8495
22.946
23.0415
23.136
23.2295
23.322
23.4135
23.5039
23.5932
23.6815
23.7686
23.8547
23.9397
24.0236
24.1063
24.1879
24.2684
24.3477
24.4258
24.5028
24.5785
24.6531
24.7264
24.7986
24.8695
24.9391
25.0075
25.0747
25.1406
25.2051
25.2684
25.3304
25.3911
25.4505
25.5085
25.5652
25.6206
25.6745
25.7271
25.7784
25.8282
25.8766
25.9236
25.9692
26.0134
26.0561
26.0974
26.1372
26.1755
26.2123
26.2476
26.2815
26.3138
26.3446
26.3738
26.4015
26.4277
26.4522
26.4752
26.4966
26.5164
26.5346
26.5512
26.5661
26.5794
26.591
26.6009
26.6092
26.6158
26.6207
26.6239
26.6253
26.625
26.623
26.6193
26.6137
26.6064
26.5974
26.5865
26.5738
26.5593
26.543
26.5249
26.505
26.4831
26.4595
26.434
26.4066
26.3773
26.3461
26.3131
26.2781
26.2413
26.2025
26.1618
26.1192
26.0747
26.0282
25.9799
25.9295
25.8772
25.823
25.7668
25.7087
25.6486
25.5866
25.5226
25.4567
25.3888
25.319
25.2472
25.1734
25.0978
25.0202
24.9406
24.8591
24.7757
24.6904
24.6031
24.5139
24.4229
24.3299
24.2351
24.1384
24.0398
23.9394
23.8371
23.733
23.6271
23.5194
23.4098
23.2985
23.1855
23.0707
22.9541
22.8359
22.7159
22.5943
22.471
22.3461
22.2195
22.0913
21.9616
21.8303
21.6974
21.5631
21.4272
21.2898
21.151
21.0108
20.8692
20.7262
20.5818
20.4361
20.2891
20.1408
19.9913
19.8406
19.6886
19.5355
19.3812
19.2258
19.0693
18.9118
18.7532
18.5936
18.4331
18.2716
18.1092
17.9458
17.7817
17.6167
17.4509
17.2843
17.117
16.949
16.7802
16.6109
16.4409
16.2703
16.0992
15.9275
15.7553
15.5827
15.4096
15.236
15.0621
14.8879
14.7133
14.5384
14.3633
14.1879
14.0123
13.8366
13.6607
13.4847
13.3086
13.1324
12.9562
12.78
12.6038
12.4277
12.2517
12.0758
11.9
11.7244
11.5491
11.3739
11.199
11.0245
10.8502
10.6763
10.5027
10.3296
10.157
9.98474
9.81303
9.64186
9.47124
9.30121
9.13181
8.96306
8.79499
8.62763
8.46102
8.29518
8.13016
7.96597
7.80265
7.64024
7.47877
7.31826
7.15876
7.00029
6.84289
6.6866
6.53144
6.37746
6.22468
6.07314
5.92289
5.77394
5.62634
5.48013
5.33534
5.192
5.05016
4.90985
4.77111
4.63398
4.49849
4.36468
4.23259
4.10226
3.97372
3.84702
3.72219
3.59927
3.4783
3.35931
3.24235
3.12745
3.01465
2.90399
2.7955
2.68923
2.5852
2.48347
2.38405
2.28699
2.19233
2.10009
2.01031
1.92303
1.83828
1.7561
1.6765
1.59954
1.52522
1.4536
1.38469
1.31852
1.25511
1.19451
1.13673
1.08179
1.02972
0.980541
0.934275
0.890941
0.850558
0.813145
0.778718
0.747292
0.718882
0.693501
0.671161
0.651873
0.635646
0.622488
0.612407
0.605408
0.601496
0.600674
0.602943
0.608305
0.616759
0.628304
0.642936
0.660651
0.681443
0.705306
0.732232
0.762213
0.795237
0.831293
0.870369
0.912452
0.957526
1.00558
1.05659
1.11054
1.16741
1.22718
1.28984
1.35536
1.42371
1.49488
1.56884
1.64556
1.72501
1.80718
1.89204
1.97954
2.06967
2.1624
2.25769
2.35552
2.45584
2.55864
2.66387
2.77151
2.88151
2.99384
3.10848
3.22537
3.34449
3.4658
3.58926
3.71484
3.84249
3.97217
4.10386
4.23751
4.37307
4.51052
4.64981
4.79089
4.93374
5.07831
5.22455
5.37242
5.52189
5.67292
5.82545
5.97945
6.13488
6.29169
6.44984
6.60929
6.76999
6.93191
7.095
7.25921
7.4245
7.59084
7.75817
7.92645
8.09565
8.26571
8.43659
8.60826
8.78066
8.95375
9.1275
9.30185
9.47677
9.65222
9.82814
10.0045
10.1812
10.3584
10.5358
10.7135
10.8914
11.0695
11.2477
11.426
11.6044
11.7828
11.9612
12.1396
12.3178
12.4959
12.6738
12.8515
13.0289
13.2061
13.3829
13.5593
13.7353
13.9109
14.086
14.2605
14.4345
14.608
14.7807
14.9529
15.1243
15.295
15.4649
15.6341
15.8024
15.9698
16.1364
16.302
16.4667
16.6304
16.7931
16.9548
17.1154
17.2749
17.4333
17.5906
17.7466
17.9016
18.0553
18.2077
18.3589
18.5089
18.6575
18.8049
18.9509
19.0955
19.2388
19.3807
19.5212
19.6604
19.7981
19.9343
20.0691
20.2025
20.3344
20.4649
20.5938
20.7213
20.8473
20.9718
21.0948
21.2163
21.3363
21.4547
21.5717
21.6872
21.8011
21.9136
22.0245
22.134
22.242
22.3484
22.4534
22.5569
22.6589
22.7594
22.8585
22.9561
23.0522
23.1469
23.2402
23.3321
23.4225
23.5115
23.5991
23.6853
23.7701
23.8535
23.9356
24.0163
24.0957
24.1737
24.2503
24.3257
24.3997
24.4724
24.5437
24.6138
24.6826
24.7501
24.8163
24.8812
24.9448
25.0071
25.0682
25.128
25.1865
25.2438
25.2998
25.3545
25.4079
25.4601
25.511
25.5606
25.6089
25.6559
25.7016
25.7461
25.7892
25.8309
25.8714
25.9105
25.9483
25.9847
26.0198
26.0534
26.0857
26.1166
26.1461
26.1741
26.2007
26.2258
26.2495
26.2716
26.2923
26.3114
26.329
26.3451
26.3596
26.3725
26.3838
26.3935
26.4015
26.408
26.4127
26.4158
26.4172
26.4169
26.4148
26.411
26.4055
26.3982
26.3891
26.3782
26.3656
26.3511
26.3348
26.3166
26.2966
26.2748
26.251
26.2255
26.198
26.1686
26.1374
26.1043
26.0693
26.0323
25.9935
25.9528
25.9102
25.8656
25.8192
25.7709
25.7207
25.6686
25.6146
25.5588
25.5011
25.4415
25.3801
25.3169
25.2518
25.1849
25.1163
25.0458
24.9736
24.8996
24.8239
24.7465
24.6674
24.5867
24.5042
24.4202
24.3345
24.2472
24.1584
24.068
23.9762
23.8828
23.788
23.6917
23.5941
23.495
23.3946
23.2929
23.1899
23.0857
22.9802
22.8735
22.7656
22.6566
22.5465
22.4353
22.3231
22.2099
22.0957
21.9805
21.8644
21.7475
21.6296
21.511
21.3916
21.2714
21.1505
21.0289
20.9066
20.7837
20.6602
20.5361
20.4115
20.2864
20.1608
29.2383
29.0848
28.9303
28.7748
28.6184
28.4611
28.303
28.1441
27.9843
27.8238
27.6626
27.5007
27.3381
27.1749
27.0111
26.8467
26.6818
26.5163
26.3503
26.1839
26.017
25.8497
25.682
25.5139
25.3455
25.1767
25.0076
24.8382
24.6685
24.4986
24.3284
24.158
23.9874
23.8166
23.6455
23.4744
23.303
23.1315
22.9599
22.7881
22.6162
22.4442
22.2721
22.0999
21.9277
21.7553
21.5829
21.4104
21.2378
21.0652
20.8925
20.7198
20.547
20.3742
20.2014
20.0285
19.8556
19.6827
19.5097
19.3368
19.1638
18.9908
18.8177
18.6447
18.4717
18.2986
18.1256
17.9526
17.7796
17.6066
17.4336
17.2606
17.0877
16.9148
16.7419
16.5691
16.3963
16.2236
16.051
15.8784
15.7059
15.5336
15.3613
15.1891
15.0171
14.8452
14.6734
14.5018
14.3304
14.1592
13.9882
13.8174
13.6468
13.4765
13.3065
13.1368
12.9673
12.7982
12.6295
12.4611
12.2931
12.1255
11.9583
11.7916
11.6253
11.4596
11.2944
11.1297
10.9656
10.8021
10.6392
10.477
10.3155
10.1546
9.99449
9.83512
9.67653
9.51875
9.3618
9.20571
9.05052
8.89624
8.7429
8.59053
8.43916
8.28882
8.13952
7.99131
7.84419
7.6982
7.55337
7.40972
7.26727
7.12605
6.98608
6.84739
6.70999
6.57392
6.43918
6.30582
6.17383
6.04325
5.91409
5.78638
5.66012
5.53534
5.41205
5.29028
5.17002
5.0513
4.93414
4.81854
4.70451
4.59207
4.48123
4.37199
4.26437
4.15837
4.054
3.95126
3.85017
3.75072
3.65292
3.55678
3.46229
3.36947
3.2783
3.18879
3.10094
3.01475
2.93022
2.84735
2.76613
2.68657
2.60865
2.53237
2.45774
2.38474
2.31338
2.24364
2.17552
2.10902
2.04412
1.98083
1.91913
1.85902
1.8005
1.74355
1.68817
1.63435
1.58209
1.53138
1.4822
1.43457
1.38846
1.34387
1.3008
1.25924
1.21918
1.18062
1.14354
1.10796
1.07386
1.04123
1.01007
0.980384
0.952158
0.925392
0.900082
0.876225
0.853818
0.83286
0.813347
0.795278
0.778652
0.763467
0.749723
0.737419
0.726555
0.717132
0.709149
0.702607
0.697508
0.693852
0.69164
0.690876
0.69156
0.693695
0.697282
0.702325
0.708826
0.716788
0.726213
0.737105
0.749467
0.763301
0.778611
0.795401
0.813673
0.83343
0.854676
0.877414
0.901647
0.927377
0.954609
0.983344
1.01359
1.04534
1.0786
1.11337
1.14966
1.18747
1.22679
1.26764
1.31001
1.3539
1.39931
1.44625
1.49471
1.5447
1.59621
1.64924
1.7038
1.75987
1.81747
1.87658
1.93721
1.99935
2.06301
2.12817
2.19484
2.26301
2.33267
2.40384
2.47649
2.55063
2.62625
2.70334
2.7819
2.86193
2.94342
3.02636
3.11075
3.19658
3.28384
3.37253
3.46264
3.55416
3.64708
3.7414
3.83711
3.9342
4.03266
4.13248
4.23366
4.33618
4.44004
4.54523
4.65173
4.75954
4.86865
4.97905
5.09072
5.20366
5.31786
5.43331
5.54999
5.6679
5.78702
5.90735
6.02887
6.15157
6.27543
6.40046
6.52663
6.65394
6.78236
6.9119
7.04254
7.17426
7.30705
7.44091
7.57581
7.71174
7.8487
7.98667
8.12563
8.26557
8.40648
8.54835
8.69116
8.83489
8.97954
9.12509
9.27152
9.41882
9.56698
9.71598
9.8658
10.0164
10.1679
10.3201
10.4731
10.6268
10.7813
10.9364
11.0923
11.2489
11.4061
11.564
11.7226
11.8817
12.0415
12.2019
12.3628
12.5243
12.6863
12.8489
13.0119
13.1755
13.3395
13.504
13.6689
13.8342
13.9999
14.166
14.3325
14.4994
14.6665
14.834
15.0018
15.1699
15.3382
15.5068
15.6756
15.8446
16.0138
16.1832
16.3527
16.5224
16.6922
16.8621
17.0321
17.2022
17.3724
17.5425
17.7127
17.883
18.0531
18.2233
18.3934
18.5635
18.7335
18.9034
19.0732
19.2428
19.4123
19.5817
19.7509
19.9199
20.0887
20.2572
20.4255
20.5936
20.7614
20.9289
21.0961
21.263
21.4296
21.5958
21.7616
21.9271
22.0922
22.2568
22.4211
22.5849
22.7482
22.9111
23.0735
23.2354
23.3967
23.5576
23.7178
23.8776
24.0367
24.1953
24.3532
24.5105
24.6672
24.8232
24.9786
25.1332
25.2872
25.4405
25.593
25.7448
25.8958
26.046
26.1955
26.3441
26.492
26.639
26.7851
26.9304
27.0748
27.2183
27.3609
27.5026
27.6434
27.7831
27.922
28.0598
28.1967
28.3325
28.4674
28.6011
28.7339
28.8656
28.9962
29.1257
29.2541
29.3813
29.5075
29.6325
29.7564
29.879
30.0005
30.1208
30.2399
30.3577
30.4743
30.5897
30.7038
30.8166
30.9282
31.0384
31.1473
31.2549
31.3611
31.466
31.5696
31.6717
31.7725
31.8718
31.9698
32.0663
32.1613
32.255
32.3471
32.4378
32.5269
32.6146
32.7008
32.7854
32.8685
32.95
33.0299
33.1083
33.1851
33.2603
33.3338
33.4057
33.476
33.5446
33.6116
33.6768
33.7404
33.8022
33.8624
33.9207
33.9774
34.0322
34.0853
34.1366
34.186
34.2337
34.2795
34.3234
34.3655
34.4057
34.444
34.4804
34.5149
34.5474
34.578
34.6066
34.6332
34.6577
34.6803
34.7009
34.7194
34.7358
34.7501
34.7624
34.7725
34.7805
34.7863
34.79
34.7915
34.7908
34.7879
34.7828
34.7754
34.7658
34.7539
34.7397
34.7233
34.7045
34.6833
34.6599
34.634
34.6058
34.5752
34.5422
34.5069
34.469
34.4288
34.3861
34.341
34.2934
34.2433
34.1908
34.1357
34.0782
34.0182
33.9557
33.8907
33.8231
33.7531
33.6805
33.6055
33.5279
33.4478
33.3651
33.28
33.1924
33.1023
33.0097
32.9145
32.817
32.7169
32.6144
32.5094
32.402
32.2922
32.18
32.0654
31.9484
31.829
31.7073
31.5832
31.4569
31.3282
31.1973
31.0642
30.9288
30.7912
30.6514
30.5095
30.3655
30.2193
30.0711
29.9208
29.7684
29.6141
29.4578
29.2995
29.1393
28.9772
28.8132
28.6474
28.4797
28.3103
28.1391
27.9661
27.7915
27.6151
27.4371
27.2574
27.0761
26.8933
26.7088
26.5229
26.3354
26.1464
25.9559
25.764
25.5707
25.376
25.1799
24.9824
24.7836
24.5835
24.3821
24.1794
23.9755
23.7704
23.564
23.3565
23.1478
22.938
22.727
22.515
22.3019
22.0878
21.8726
21.6564
21.4393
21.2212
21.0022
20.7823
20.5615
20.3399
20.1174
19.8942
19.6703
19.4456
19.2203
18.9942
18.7676
18.5404
18.3127
18.0844
17.8557
17.6265
17.397
17.1671
16.9369
16.7064
16.4757
16.2449
16.0139
15.7828
15.5518
15.3207
15.0897
14.8588
14.6281
14.3976
14.1673
13.9374
13.7079
13.4788
13.2502
13.0221
12.7946
12.5677
12.3416
12.1162
11.8916
11.6679
11.4451
11.2233
11.0025
10.7828
10.5643
10.3469
10.1309
9.91609
9.70269
9.49071
9.28021
9.07125
8.86388
8.65816
8.45415
8.25189
8.05146
7.85289
7.65626
7.46161
7.269
7.0785
6.89014
6.704
6.52013
6.33858
6.15942
5.9827
5.80847
5.6368
5.46775
5.30136
5.13771
4.97683
4.81881
4.66368
4.51152
4.36237
4.21629
4.07335
3.93359
3.79708
3.66387
3.53402
3.40758
3.2846
3.16514
3.04925
2.93698
2.82839
2.72352
2.62242
2.52515
2.43173
2.34222
2.25666
2.1751
2.09756
2.0241
1.95473
1.8895
1.82844
1.77157
1.71893
1.67053
1.6264
1.58656
1.55102
1.5198
1.49291
1.47037
1.45216
1.43831
1.42881
1.42366
1.42286
1.42639
1.43425
1.44643
1.46291
1.48368
1.50872
1.538
1.5715
1.60919
1.65104
1.69703
1.74712
1.80128
1.85946
1.92164
1.98776
2.05779
2.13169
2.20941
2.2909
2.37612
2.46502
2.55755
2.65366
2.7533
2.85643
2.96298
3.07292
3.18618
3.30271
3.42247
3.5454
3.67145
3.80057
3.93271
4.06782
4.20585
4.34674
4.49046
4.63695
4.78617
4.93806
5.09259
5.24971
5.40938
5.57154
5.73617
5.90322
6.07265
6.24442
6.41849
6.59483
6.77339
6.95415
7.13706
7.3221
7.50922
7.69839
7.88959
8.08278
8.27792
8.47499
8.67396
8.87478
9.07744
9.28189
9.48812
9.69608
9.90574
10.1171
10.33
10.5446
10.7608
10.9785
11.1976
11.4183
11.6404
11.8638
12.0886
12.3147
12.5421
12.7707
13.0005
13.2314
13.4633
13.6963
13.9303
14.1652
14.4009
14.6375
14.8749
15.1129
15.3515
15.5908
15.8305
16.0707
16.3112
16.552
16.7931
17.0344
17.2757
17.517
17.7582
17.9993
18.2402
18.4808
18.721
18.9608
19.1999
19.4385
19.6764
19.9134
20.1496
20.3848
20.619
20.8521
21.0839
21.3145
21.5437
21.7715
21.9977
22.2224
22.4453
22.6666
22.886
23.1035
23.319
23.5325
23.744
23.9532
24.1603
24.3651
24.5676
24.7677
24.9654
25.1606
25.3533
25.5435
25.7311
25.9161
26.0984
26.2781
26.4551
26.6295
26.8011
26.9699
27.1361
27.2995
27.4602
27.6181
27.7734
27.9259
28.0757
28.2229
28.3674
28.5092
28.6485
28.7851
28.9193
29.0509
29.18
29.3067
29.431
29.553
29.6726
29.79
29.9052
30.0183
30.1292
30.2381
30.3449
30.4499
30.5529
30.6541
30.7535
30.8512
30.9472
31.0416
31.1344
31.2257
31.3155
31.404
31.491
31.5768
31.6613
31.7445
31.8266
31.9075
31.9873
32.0661
32.1438
32.2205
32.2962
32.371
32.4449
32.5178
32.5898
32.661
32.7313
32.8007
32.8693
32.937
33.0039
33.0699
33.1351
33.1993
33.2627
33.3252
33.3867
33.4473
33.507
33.5656
33.6232
33.6797
33.7351
33.7894
33.8425
33.8945
33.9451
33.9945
34.0425
34.0891
34.1342
34.1779
34.22
34.2605
34.2993
34.3364
34.3718
34.4054
34.437
34.4668
34.4945
34.5202
34.5439
34.5653
34.5846
34.6016
34.6163
34.6287
34.6386
34.6461
34.6511
34.6535
34.6534
34.6506
34.6451
34.637
34.6261
34.6124
34.5959
34.5765
34.5543
34.5292
34.5012
34.4702
34.4363
34.3994
34.3595
34.3166
34.2707
34.2219
34.17
34.1151
34.0572
33.9962
33.9323
33.8654
33.7956
33.7228
33.647
33.5683
33.4867
33.4023
33.315
33.2249
33.132
33.0364
32.9381
32.837
32.7334
32.6272
32.5184
32.4071
32.2934
32.1773
32.0588
31.938
31.815
31.6898
31.5624
31.433
31.3016
31.1682
31.033
30.8959
30.757
30.6164
30.4742
30.3304
30.1851
30.0384
29.8903
29.7408
29.5901
29.4382
29.2852
29.1312
28.9761
28.8201
28.6633
28.5056
28.3472
28.1881
28.0284
27.8682
27.7074
27.5461
27.3845
27.2225
27.0603
26.8978
26.7351
26.5722
26.4093
26.2463
26.0832
25.9203
25.7573
25.5945
25.4318
25.2693
25.107
34.1471
33.9568
33.7663
33.5754
33.3842
33.1928
33.0012
32.8094
32.6175
32.4253
32.2331
32.0407
31.8482
31.6556
31.463
31.2703
31.0775
30.8846
30.6917
30.4988
30.3058
30.1128
29.9197
29.7266
29.5334
29.3402
29.1469
28.9535
28.7601
28.5665
28.3729
28.1792
27.9854
27.7914
27.5973
27.4031
27.2086
27.0141
26.8193
26.6243
26.4291
26.2337
26.038
25.842
25.6458
25.4493
25.2525
25.0554
24.858
24.6602
24.4621
24.2636
24.0648
23.8656
23.666
23.4659
23.2655
23.0647
22.8635
22.6618
22.4598
22.2573
22.0543
21.851
21.6472
21.443
21.2384
21.0334
20.828
20.6222
20.416
20.2094
20.0025
19.7952
19.5876
19.3797
19.1715
18.963
18.7543
18.5453
18.3362
18.1268
17.9173
17.7077
17.498
17.2882
17.0785
16.8687
16.659
16.4493
16.2398
16.0305
15.8214
15.6125
15.404
15.1958
14.9879
14.7805
14.5736
14.3673
14.1615
13.9564
13.7519
13.5482
13.3453
13.1432
12.9421
12.7418
12.5426
12.3445
12.1474
11.9515
11.7568
11.5634
11.3713
11.1806
10.9913
10.8034
10.6171
10.4323
10.2491
10.0676
9.88773
9.70961
9.53327
9.35873
9.18604
9.01523
8.84634
8.67939
8.51442
8.35145
8.19051
8.03162
7.87481
7.72009
7.56748
7.417
7.26866
7.12247
6.97844
6.83659
6.69691
6.5594
6.42408
6.29094
6.15997
6.03118
5.90456
5.7801
5.65779
5.53762
5.41958
5.30366
5.18984
5.07811
4.96845
4.86085
4.75527
4.65172
4.55015
4.45057
4.35293
4.25723
4.16343
4.07153
3.98148
3.89329
3.80691
3.72233
3.63952
3.55847
3.47916
3.40156
3.32564
3.25141
3.17882
3.10787
3.03854
2.97081
2.90466
2.84009
2.77707
2.71559
2.65565
2.59723
2.54031
2.4849
2.43099
2.37856
2.32762
2.27815
2.23016
2.18364
2.13859
2.09501
2.05291
2.01227
1.97312
1.93544
1.89925
1.86454
1.83133
1.79962
1.76942
1.74074
1.71358
1.68795
1.66387
1.64134
1.62037
1.60097
1.58316
1.56695
1.55233
1.53934
1.52797
1.51824
1.51016
1.50374
1.49899
1.49592
1.49455
1.49487
1.49691
1.50066
1.50615
1.51337
1.52234
1.53306
1.54555
1.5598
1.57583
1.59363
1.61322
1.6346
1.65778
1.68275
1.70953
1.73811
1.76849
1.80068
1.83469
1.8705
1.90812
1.94756
1.9888
2.03186
2.07672
2.12339
2.17187
2.22215
2.27423
2.3281
2.38377
2.44124
2.50048
2.56152
2.62433
2.68892
2.75528
2.8234
2.89329
2.96493
3.03833
3.11347
3.19036
3.26898
3.34934
3.43142
3.51522
3.60074
3.68797
3.7769
3.86753
3.95985
4.05386
4.14955
4.24691
4.34594
4.44663
4.54898
4.65297
4.75861
4.86588
4.97478
5.08529
5.19742
5.31115
5.42648
5.54339
5.66188
5.78194
5.90356
6.02673
6.15144
6.27768
6.40544
6.53471
6.66547
6.79772
6.93143
7.06661
7.20323
7.34128
7.48074
7.62161
7.76386
7.90748
8.05246
8.19877
8.3464
8.49533
8.64554
8.79702
8.94974
9.10368
9.25882
9.41514
9.57262
9.73124
9.89097
10.0518
10.2137
10.3766
10.5406
10.7055
10.8714
11.0383
11.206
11.3747
11.5442
11.7145
11.8857
12.0577
12.2304
12.4038
12.5779
12.7527
12.9282
13.1042
13.2809
13.4581
13.6359
13.8141
13.9929
14.1721
14.3518
14.5318
14.7123
14.8931
15.0743
15.2557
15.4375
15.6196
15.8019
15.9844
16.1672
16.3502
16.5333
16.7167
16.9002
17.0838
17.2676
17.4515
17.6355
17.8196
18.0039
18.1882
18.3726
18.5571
18.7416
18.9263
19.111
19.2958
19.4807
19.6657
19.8507
20.0359
20.2211
20.4065
20.5919
20.7775
20.9631
21.1489
21.3349
21.521
21.7072
21.8936
22.0801
22.2668
22.4537
22.6408
22.8281
23.0156
23.2033
23.3912
23.5794
23.7677
23.9563
24.1451
24.3342
24.5234
24.7129
24.9026
25.0925
25.2827
25.473
25.6635
25.8542
26.0451
26.2361
26.4273
26.6186
26.81
27.0015
27.193
27.3846
27.5762
27.7678
27.9593
28.1508
28.3422
28.5334
28.7245
28.9153
29.106
29.2963
29.4864
29.676
29.8653
30.0542
30.2426
30.4304
30.6177
30.8044
30.9905
31.1758
31.3604
31.5443
31.7273
31.9094
32.0906
32.2708
32.4501
32.6283
32.8054
32.9813
33.1561
33.3297
33.502
33.673
33.8426
34.0109
34.1778
34.3431
34.507
34.6694
34.8302
34.9894
35.147
35.303
35.4572
35.6098
35.7606
35.9096
36.0569
36.2023
36.346
36.4878
36.6277
36.7657
36.9019
37.0362
37.1685
37.2989
37.4274
37.554
37.6787
37.8014
37.9221
38.041
38.1579
38.2728
38.3859
38.497
38.6062
38.7135
38.819
38.9225
39.0243
39.1241
39.2221
39.3184
39.4128
39.5054
39.5963
39.6855
39.7729
39.8586
39.9427
40.0251
40.1059
40.1851
40.2627
40.3387
40.4132
40.4861
40.5575
40.6275
40.696
40.763
40.8286
40.8928
40.9556
41.017
41.077
41.1356
41.1929
41.2488
41.3033
41.3565
41.4083
41.4588
41.508
41.5557
41.6021
41.6471
41.6907
41.7329
41.7737
41.813
41.8509
41.8872
41.9221
41.9553
41.987
42.0171
42.0455
42.0722
42.0972
42.1204
42.1418
42.1613
42.1789
42.1946
42.2082
42.2198
42.2292
42.2365
42.2416
42.2444
42.2448
42.2429
42.2385
42.2316
42.2221
42.21
42.1953
42.1778
42.1575
42.1344
42.1083
42.0793
42.0474
42.0123
41.9742
41.9328
41.8883
41.8406
41.7895
41.7352
41.6774
41.6163
41.5517
41.4837
41.4121
41.337
41.2584
41.1762
41.0904
41.001
40.908
40.8113
40.711
40.607
40.4994
40.3881
40.2731
40.1545
40.0323
39.9063
39.7768
39.6436
39.5068
39.3664
39.2225
39.0749
38.9238
38.7692
38.6111
38.4495
38.2845
38.116
37.9441
37.7688
37.5902
37.4083
37.223
37.0345
36.8428
36.6478
36.4497
36.2485
36.0441
35.8366
35.6261
35.4126
35.196
34.9765
34.7541
34.5288
34.3007
34.0697
33.8359
33.5994
33.3601
33.1182
32.8737
32.6265
32.3768
32.1246
31.8699
31.6128
31.3533
31.0915
30.8274
30.5612
30.2927
30.0222
29.7497
29.4752
29.1988
28.9206
28.6407
28.3591
28.0759
27.7913
27.5052
27.2178
26.9292
26.6394
26.3486
26.0569
25.7643
25.4711
25.1772
24.8827
24.5879
24.2928
23.9975
23.7022
23.4069
23.1118
22.8169
22.5225
22.2285
21.9352
21.6426
21.3508
21.06
20.7703
20.4817
20.1943
19.9084
19.6238
19.3409
19.0595
18.7799
18.502
18.226
17.952
17.6799
17.41
17.1421
16.8763
16.6128
16.3515
16.0925
15.8357
15.5813
15.3291
15.0793
14.8318
14.5867
14.3438
14.1033
13.865
13.629
13.3952
13.1636
12.9342
12.7069
12.4817
12.2586
12.0374
11.8182
11.6009
11.3855
11.1719
10.9601
10.75
10.5416
10.3349
10.1298
9.92628
9.72434
9.52394
9.32506
9.1277
8.93185
8.73751
8.54468
8.35338
8.16363
7.97545
7.78888
7.60396
7.42074
7.23929
7.05966
6.88193
6.70619
6.53251
6.361
6.19176
6.0249
5.86054
5.6988
5.53981
5.38371
5.23064
5.08074
4.93417
4.79107
4.6516
4.51593
4.38421
4.25661
4.13328
4.0144
3.90013
3.79062
3.68604
3.58654
3.49228
3.4034
3.32006
3.2424
3.17054
3.10461
3.04474
2.99104
2.94361
2.90256
2.86796
2.83989
2.81843
2.80363
2.79553
2.79418
2.7996
2.8118
2.83079
2.85655
2.88907
2.92832
2.97424
3.0268
3.08592
3.15154
3.22356
3.30189
3.38642
3.47706
3.57366
3.67611
3.78426
3.89798
4.01711
4.1415
4.27099
4.40541
4.54461
4.6884
4.83662
4.9891
5.14566
5.30613
5.47033
5.63811
5.8093
5.98372
6.16122
6.34165
6.52485
6.71068
6.899
7.08969
7.2826
7.47763
7.67467
7.8736
8.07435
8.27683
8.48095
8.68665
8.89386
9.10255
9.31267
9.52417
9.73705
9.95128
10.1668
10.3838
10.602
10.8216
11.0426
11.265
11.4889
11.7142
11.941
12.1694
12.3994
12.631
12.8644
13.0995
13.3364
13.5753
13.816
14.0588
14.3036
14.5505
14.7995
15.0508
15.3042
15.5599
15.818
16.0783
16.341
16.606
16.8734
17.1431
17.4151
17.6895
17.9662
18.2452
18.5263
18.8096
19.095
19.3825
19.6719
19.9631
20.2561
20.5508
20.847
21.1446
21.4435
21.7435
22.0446
22.3465
22.649
22.9522
23.2557
23.5593
23.863
24.1666
24.4697
24.7724
25.0743
25.3753
25.6752
25.9739
26.271
26.5666
26.8602
27.1519
27.4414
27.7284
28.013
28.2948
28.5738
28.8498
29.1226
29.392
29.6581
29.9205
30.1793
30.4343
30.6854
30.9324
31.1754
31.4142
31.6488
31.8791
32.105
32.3265
32.5435
32.7561
32.9643
33.1679
33.367
33.5616
33.7518
33.9375
34.1187
34.2956
34.4681
34.6364
34.8004
34.9602
35.1159
35.2676
35.4153
35.5592
35.6993
35.8357
35.9685
36.0978
36.2238
36.3465
36.4661
36.5826
36.6962
36.807
36.9151
37.0206
37.1237
37.2245
37.3231
37.4196
37.5141
37.6068
37.6978
37.7872
37.875
37.9615
38.0467
38.1308
38.2138
38.2958
38.377
38.4574
38.5371
38.6162
38.6948
38.773
38.8507
38.9282
39.0054
39.0824
39.1592
39.236
39.3126
39.3892
39.4658
39.5423
39.6189
39.6955
39.772
39.8486
39.9251
40.0015
40.0779
40.1542
40.2304
40.3063
40.382
40.4574
40.5324
40.607
40.681
40.7545
40.8274
40.8995
40.9707
41.041
41.1103
41.1785
41.2455
41.3111
41.3753
41.438
41.499
41.5583
41.6158
41.6713
41.7247
41.7759
41.8248
41.8714
41.9154
41.9569
41.9956
42.0316
42.0646
42.0947
42.1216
42.1454
42.166
42.1831
42.1969
42.2071
42.2138
42.2168
42.2161
42.2116
42.2033
42.1911
42.1749
42.1548
42.1307
42.1024
42.0701
42.0337
41.9931
41.9483
41.8994
41.8463
41.7889
41.7273
41.6616
41.5916
41.5175
41.4391
41.3566
41.27
41.1792
41.0844
40.9855
40.8826
40.7758
40.665
40.5503
40.4319
40.3096
40.1837
40.0541
39.9209
39.7843
39.6442
39.5007
39.354
39.2041
39.0511
38.895
38.736
38.5742
38.4096
38.2423
38.0725
37.9002
37.7256
37.5487
37.3696
37.1885
37.0054
36.8205
36.6338
36.4454
36.2556
36.0643
35.8717
35.6778
35.4828
35.2868
35.0899
34.8922
34.6937
34.4947
34.295
34.095
33.8946
33.694
33.4932
33.2923
33.0914
32.8906
32.6899
32.4895
32.2894
32.0897
31.8904
31.6916
31.4934
31.2958
31.0989
30.9027
30.7073
30.5127
