28.6854
54.6279
78.0899
99.3085
118.498
135.853
151.548
165.743
178.58
190.19
200.69
210.186
218.774
226.54
233.564
239.917
245.662
250.858
255.557
259.806
263.649
267.125
270.269
273.111
275.682
278.008
280.111
282.012
283.732
285.288
286.694
287.967
289.117
289.839
290.731
291.316
292.174
293.013
293.37
294.361
295.879
296.712
297.596
298.284
298.704
299.204
299.623
300.549
301.581
301.961
303.287
303.85
304.814
305.216
305.68
306.421
307.161
308.324
309.238
309.613
310.5
310.226
310.932
311.083
312.743
313.978
314.908
315.658
316.192
316.638
316.485
316.28
317.254
318.407
318.604
319.638
319.526
320.297
320.799
321.795
322.97
323.726
324.486
325.203
325.442
325.145
325.252
325.698
325.909
326.689
327.902
328.768
328.689
329.919
330.3
331.444
332.142
332.386
333.541
335.013
335.802
336.644
337.894
337.98
339.022
339.574
340.95
341.372
342.717
343.566
344.743
345.085
344.762
346.092
346.097
346.824
347.177
347.323
348.241
348.55
349.225
349.576
350.509
349.391
349.325
349.925
350.958
351.505
351.838
352.785
353.226
353.026
352.432
352.95
352.777
353.965
354.877
354.473
355.557
358.166
359.137
358.789
359.081
359.513
359.386
360.487
360.402
361.09
361.379
360.857
361.568
362.747
363.236
364.65
364.511
365.055
365.25
366.062
367.312
368.558
369.252
370.595
371.49
373.297
373.877
373.867
373.991
374.7
375.894
376.525
376.451
376.714
377.737
378.257
379.8
380.97
382.705
384.312
383.772
384.814
384.392
384.586
385.313
386.619
388.332
388.714
389.07
389.102
389.885
390.719
390.943
392.669
392.804
394.211
393.298
393.693
394.914
395.816
396.76
395.911
395.961
397.369
397.414
397.626
397.086
398.085
398.302
400.396
401.023
402.396
403.117
404.585
405.704
405.955
407.766
409.411
409.675
409.699
410.887
411.604
413.081
414.216
415.051
415.913
416.412
416.385
417.264
417.974
419.848
421.592
422.688
424.398
425.09
426.35
427.398
426.979
428.702
429.723
429.79
430.471
432.011
433.371
433.705
434.839
435.038
434.922
436.043
436.41
437.989
438.866
439.697
439.41
440.196
441.689
442.061
441.92
443.474
444.622
446.157
445.815
446.193
448.843
449.922
449.788
451.934
452.426
451.915
451.669
452.501
452.994
454.313
455.762
458.053
459.662
459.985
461.127
462.82
463.773
464.066
465.547
465.146
465.965
467.706
468.43
468.629
469.211
468.961
469.89
470.087
471.402
471.78
472.029
472.299
473.373
474.863
475.844
476.29
477.572
478.212
479.952
481
483.161
483.983
484.581
484.073
484.365
484.938
486.069
485.067
485.257
485.398
486.204
486.491
486.812
487.624
488.707
491.083
491.58
492.508
492.82
493.902
495.121
495.65
496.058
496.072
497.351
497.568
498.113
500.119
501.045
502.138
502.336
502.691
503.204
503.981
505.543
507.016
507.918
508.326
508.179
508.317
509.636
509.691
509.387
511.101
512.682
514.001
514.143
515.177
515.92
516.773
517.128
518.362
519.898
520.046
521.34
522.376
522.267
522.581
523.75
524.217
525.631
526.824
527.618
529.065
529.313
529.179
530.503
531.503
531.536
532.501
533.264
533.833
535.059
535.741
535.87
536.615
537.735
538.763
540.662
541.587
542.404
542.505
542.238
543.268
544.085
545.458
545.502
546.166
546.817
547.802
548.152
549.72
551.143
551.773
554.647
555.097
555.635
556.506
555.999
554.431
556.049
555.8
556.712
556.504
558.722
559.741
560.234
561.27
562.914
562.17
563.686
563.888
564.458
564.511
566.21
567.768
568.54
568.978
569.016
568.181
568.864
570.314
571.594
572.521
573.207
574.218
575.416
576.38
575.977
576.979
577.538
577.806
578.542
578.707
578.969
580.974
581.643
580.938
582.199
583.45
582.719
583.148
583.705
584.436
585.234
585.173
586.255
587.328
588.516
588.569
589.177
591.227
591.555
593.056
593.808
595.047
596.786
597.202
598.564
597.638
597.9
599.338
598.553
599.958
599.85
600.697
600.945
602.885
603.517
604.604
606.015
606.698
606.021
606.883
607.324
608.119
609.856
611.49
612.721
613.687
614.266
614.507
617.505
618.1
617.267
617.267
617.517
617.475
618.198
619.136
619.849
621.734
622.66
623.988
624.922
625.043
625.489
626.964
627.7
628.071
630.08
632.068
633.027
633.711
633.529
635.659
635.759
635.199
635.177
635.423
636.076
635.929
638.066
638.054
639.717
640.894
641.728
643.531
644.779
646.716
646.993
646.932
647.319
647.485
647.618
647.751
649.821
651.1
651.566
649.742
650.327
652.359
653.412
654.89
656.146
656.387
657.688
658.24
660.136
661.098
662.223
664.19
664.989
666.47
669.131
670.096
669.227
669.741
670.132
670.108
671.083
670.997
671.911
673.449
673.773
674.116
674.748
677.488
677.327
676.934
677.178
677.164
678.086
679.208
678.503
679.213
680.363
679.507
679.905
679.381
679.989
679.873
681.049
682.633
684.548
685.529
687.159
688.537
687.389
686.454
688.878
690.065
690.474
691.433
693.052
694.402
693.949
693.36
695.099
695.883
697.628
698.582
699.869
700.13
701.455
701.687
702.131
702.937
705.73
706.647
707.418
707.733
710.689
712.699
713.471
713.144
714.121
714.361
714.915
715.311
715.231
715.744
716.722
717.267
719.931
720.424
721.599
719.475
720.727
722.371
724.615
725.059
726.051
726.596
726.198
727.813
727.715
728.136
729.331
730.9
732.049
734.285
735.69
737.306
736.958
737.535
738.237
740.342
739.984
741.44
743.067
744.277
744.712
745.521
744.612
746.115
747.757
745.995
746.607
748.518
750.934
750.599
750.398
752.221
753.285
753.459
753.973
754.21
756.129
757.039
758.143
761.149
762.477
762.619
764.363
764.419
765.663
765.426
765.311
766.688
765.877
766.381
767.464
767.58
769.394
769.965
771.424
772.071
772.166
772.364
772.181
773.23
773.003
773.789
774.542
775.156
776.895
779.302
779.618
780.199
779.165
780.393
781.851
782.063
783.059
784.233
784.366
785.087
786.237
785.869
786.307
787.406
787.703
788.462
789.642
790.12
792.843
793.844
793.988
795.942
797.77
799.178
800.442
801.44
801.762
803.451
804.372
805.373
807.167
807.176
808.96
809.772
810.912
813.031
812.466
812.203
814.46
816.777
817.977
818.261
817.997
817.831
819.875
821.006
820.611
821.892
824.606
825.521
824.87
825.758
825.994
826.132
826.928
828.342
829.867
830.056
832.014
833.306
835.356
833.811
834.383
834.118
835.03
837.531
839.811
839.722
839.157
841.65
842.726
842.791
843.437
844.522
847.056
848.644
848.138
850.25
851.097
851.987
852.641
852.976
854.712
855.827
858.495
858.472
860.052
860.357
860.251
859.105
860.456
860.958
861.705
862.424
862.096
864.024
864.43
864.54
865.927
867.912
869.084
870.312
870.9
870.99
870.829
870.82
872.222
872.013
874.38
874.171
875.236
875.838
876.164
877.287
878.378
878.149
876.725
878.688
880.441
880.595
880.987
882.284
882.68
882.952
882.799
883.962
884.455
885.114
886.241
884.992
887.521
888.648
888.879
886.497
886.954
885.967
884.953
887.022
888.45
889.177
890.58
891.118
892.034
892.92
893.6
895.027
894.802
897.899
900.247
901.36
903.006
902.878
903.723
905.354
906.049
907.412
909.818
912.762
912.166
912.668
911.868
911.412
912.833
914.609
916.612
917.501
919.456
919.071
920.713
921.228
920.283
920.541
921.793
922.488
922.671
923.12
924.816
926.613
927.097
928.007
928.472
931.118
932.093
931.904
933.285
933.431
936.026
938.046
940.103
938.199
936.756
937.282
937.553
939.866
940.455
941.109
940.681
940.016
940.347
941.331
941.688
940.6
940.407
942.116
942.79
943.575
945.602
946.016
946.526
947.488
947.137
947.226
948.064
949.852
949.651
949.847
949.609
949.909
952.305
951.973
953.738
955.853
956.918
956.856
957.499
957.31
957.862
957.241
958.983
959.418
960.405
961.825
963.109
963.996
964.338
965.821
965.876
967.15
969.038
970.32
973.526
974.29
975.003
975.043
977.558
976.985
978.695
978.706
980.613
982.297
981.847
984.096
985.499
985.783
985.881
984.694
985.423
987.004
986.933
987.164
987.851
988.206
987.309
987.629
988.641
989.2
989.54
990.003
993.391
994.018
993.615
993.845
996.726
998.343
998.507
999.382
1001
1000.18
1000.26
1001.3
1002.59
1005.92
1008.43
1008.55
1010.03
1009.77
1007.38
1007.44
1007.08
1008.75
1010.08
1010.76
1012.87
1015.3
1016.02
1016.94
1015.81
1016.02
1017.81
1017.71
1019.07
1019.75
1020.13
1021.58
1022.09
1023.89
1023.94
1026.04
1026.64
1027.92
1028.97
1030.73
1029.47
1030.06
1029.23
1031.48
1033.63
1032.68
1034.89
1035.39
1034.9
1037
1038.8
1040.84
1042.8
1040.91
1042.58
1042.27
1042.17
1043.59
1045.67
1046.6
1047.67
1048.26
1051.48
1053.77
1054.74
1055.48
1055.24
1056.74
1058.74
1058.91
1061.33
1062.05
1062.68
1064.66
1065.91
1066.38
1066.28
1064.7
1065.6
1064.92
1066.72
1065.62
1066.36
1067.29
1067.94
1069.14
1069.22
1070.6
1072.76
1073.73
1075.13
1075.05
1077.27
1078.66
1079.65
1079.71
1079.56
1081.81
1083.19
1085.73
1087.28
1086.55
1087.29
1086.15
1084.89
1084.08
1082.71
1084.57
1085.41
1085.59
1086.16
1087.43
1087.45
1087.92
1086.5
1088.33
1090.68
1088.9
1089.64
1091.33
1093.64
1094.53
1093.86
1095.44
1096.43
1098.63
1100.14
1102.32
1103.74
1103.18
1104.43
1104.72
1105.16
1106.53
1105.22
1105.24
1105.74
1106.36
1108.05
1107.37
1109.89
1108.03
1110.14
1111.11
1113.05
1115.41
1117.68
1118.89
1120.21
1119.97
1119.67
1122.24
1123.78
1123.65
1125.53
1126.01
1126.73
1128.02
1127.62
1126.73
1127.86
1129.52
1133.28
1133.94
1134.24
1134.86
1135.96
1136.39
1137.56
1140
1141.07
1142.72
1142.95
1144.88
1145.96
1146.21
1146.06
1148.63
1149.77
1150.02
1152.09
1151.12
1151.96
1154.72
1154.21
1154.57
1154.61
1153.84
1154.59
1155.02
1156.17
1158.29
1159.45
1160.3
1161.48
1162.31
1162.93
1162.4
1162.48
1162.89
1163.11
1163.71
1164.24
1165.08
1165.86
1165.88
1165.78
1166.29
1167.1
1166.23
1166.14
1168.52
1168.96
1172.58
1172.64
1174.33
1175.57
1177.46
1179.39
1179.93
1181.7
1182.33
1184.09
1185.97
1187.9
1187.64
1188.78
1188.7
1188.82
1188.18
1189.76
1189.55
1189.7
1192.53
1192.83
1194.21
1195.31
1195.7
1196.68
1197.33
1197.16
1199.88
1201.54
1200.98
1202.73
1204.36
1206.87
1205.85
1206.22
1208.19
1207.23
1207.84
1208.85
1211.84
1211.29
1213.39
1214.66
1216.02
1218.11
1218.15
1217.92
1217.08
1217.41
1218.18
1218.91
1217.13
1218.71
1217.31
1217.97
1217.89
1218.8
1218.74
1220.44
1221.43
1221.28
1222.59
1224.06
1225.89
1226.33
1227.44
1229.98
1229.56
1231.13
1230.55
1231.34
1233.09
1233.22
1233.41
1234.48
1235.33
1234.48
1233.95
1234.07
1234.31
1232.94
1234.75
1235.28
1235.56
1234.87
1234.22
1235.48
1234.38
1234.53
1233.78
1235.59
1235.21
1236.91
1237.82
1237.65
1238.75
1240.29
1240.98
1239.06
1239.54
1238.97
1238.96
1238.56
1240.85
1240.73
1239.48
1240.24
1239.85
1240.69
1239.59
1240.34
1241.07
1240.28
1239.32
1239.45
1241.53
1241.37
1243.66
1244.59
1243.77
1244.76
1245.51
1244.13
1243.24
1243.4
1244.88
1246.14
1248.56
1249.79
1248.76
1250.33
1253.25
1257.1
1257.49
1257.16
1256.9
1255.68
1253.3
1253.27
1254.03
1254.88
1257.64
1258.26
1259.31
1260.64
1262.84
1263.4
1261.75
1263.04
1264.05
1263.96
1266.99
1268
1270.34
1271.56
1271.64
1273.1
1274.21
1275.64
1277.69
1278.84
1278.55
1277.83
1279.1
1279.91
1279.33
1281.34
1280.85
1280.54
1283.49
1283.75
1284.23
1283.96
1283.81
1288.14
1290.22
1291.26
1290.67
1291.36
1293.61
1293.77
1294.08
1294.21
1295.39
1296.98
1298.43
1296.27
1297.49
1295.66
1295.11
1297.38
1297.25
1298.01
1298.72
1297.91
1298.61
1298.83
1301.07
1302.85
1304.18
1305.17
1305.89
1307.88
1309.71
1312.03
1313.73
1312.45
1313.48
1311.79
1311.53
1311.33
1312.33
1312.02
1310.99
1311.8
1313.05
1312.24
1312.81
1313.26
1313.27
1312.32
1312.43
1313.05
1315.39
1316.12
1314.82
1317.1
1316.61
1315.45
1314.43
1315.96
1315.05
1314.94
1315.43
1316.03
1317.75
1316.9
1316.9
1316.59
1318
1319.95
1321.39
1321.33
1322.41
1323.91
1323.43
1328.83
1330.83
1331.85
1332.62
1331.12
1332.86
1333.41
1334.6
1333.98
1335.48
1337.94
1338.2
1337.74
1337.69
1341.1
1342.96
1345.14
1343.44
1344.18
1344.74
1345.84
1345.34
1346.35
1347.25
1348.38
1347.39
1348.25
1350.37
1351.34
1354.37
1356.12
1358.36
1359.54
1360.51
1361.8
1362.28
1360.62
1359.17
1359.72
1360.92
1361.33
1360.86
1362.47
1362.79
1362.2
1363.26
1363.85
1366.09
1366.54
1365.03
1366.58
1366.55
1367.71
1367.78
1368.6
1371.07
1372.37
1372.85
1374.62
1376.21
1376.47
1376.63
1379.53
1379.3
1379.81
1377.76
1380.13
1380.5
1382.62
1383.65
1384.45
1383.19
1383.56
1385.26
1385.26
1387.11
1385.65
1387.54
1387.01
1388.08
1389.32
1389.71
1390.76
1390.48
1390.35
1393.29
1394.4
1394.31
1395.5
1395.87
1398.77
1400.34
1402.58
1402.48
1404.06
1406.07
1406.67
1407.41
1408.98
1409.08
1409.42
1410.99
1412.75
1413.14
1414.93
1414.53
1414.45
1416.11
1415.13
1415.54
1417.88
1418.75
1419.74
1417.68
1418.3
1419.86
1422.02
1421.9
1424.02
1424.01
1425.89
1429.2
1430.24
1431.77
1432.23
1434.33
1436.32
1437.81
1437.27
1437.44
1437.43
1439.35
1440.86
1441.46
1441.14
1441.33
1444.37
1444.58
1446.46
1446.81
1449.05
1447.77
1448.78
1449.11
1450.41
1451.29
1453.82
1453.46
1453.99
1453.89
1451.46
1453.3
1451.58
1450.05
1450.06
1451.3
1450.76
1451.45
1452.4
1452.56
1453.57
1452.53
1451.91
1451.44
1451.1
1452.92
1453.65
1453.66
1453.94
1454.56
1457.48
1457.23
1458.33
1459.59
1461.1
1461.25
1461.3
1462.03
1461.4
1461.72
1459.6
1461.59
1461.93
1463.56
1466.28
1465.35
1465.52
1464.99
1467.53
1467.76
1468.8
1469.43
1470.49
1470.36
1470.9
1469.21
1468.02
1468.24
1467.25
1466.69
1469.01
1469.9
1473.04
1472.47
1473.36
1472.97
1476.43
1477.55
1478.55
1479.25
1481.03
1481.03
1483.44
1485.23
1486.51
1486.76
1487.81
1485.17
1484.98
1483.74
1483.1
1483.45
1484.79
1485.88
1488.09
1488.93
1489.13
1489.83
1489.69
1490.78
1493.75
1493.15
1493.62
1495.51
1496.29
1495.08
1497.61
1497.57
1496.06
1497.51
1498.48
1500.97
1501.29
1503.99
1502.64
1503.14
1504.6
1505.33
1504.04
1502.58
1503.64
1503.9
1504.46
1504.81
1505.93
1507.06
1506.17
1509.16
1506.28
1505.8
1504.94
1506.46
1503.96
1506.92
1507.51
1508.33
1509.12
1511.3
1512.25
1512.38
1513.08
1513.91
1514.56
1514.92
1515.77
1517.9
1516.3
1517.07
1518.43
1519.82
1519.96
1520.39
1520.89
1522.05
1521.62
1521.77
1521.72
1523.11
1525.03
1524.47
1524.31
1525.36
1526.54
1528.96
1529.56
1531.05
1531.52
1533.15
1537.18
1539.29
1539.14
1540.38
1541.92
1542.89
1542.71
1542.93
1544.03
1544.29
1543.76
1545.65
1548.21
1552.48
1552.48
1549.82
1551.47
1553.15
1555.89
1557.37
1560.1
1560.61
1563.01
1561.65
1562.64
1561.09
1559.94
1560.49
1563.88
1564.02
1567.53
1567.9
1567.19
1568.21
1570.33
1573.91
1575.31
1578.53
1577.62
1577.96
1578.11
1576.83
1580.57
1580.56
1582.11
1582.82
1585.24
1586.57
1588.78
1593.4
1594.91
1595.57
1595.76
1595.62
1598.01
1599.74
1599.23
1600.24
1601.89
1604.21
1604.95
1606.75
1608.32
1609.14
1608.74
1611.08
1612.05
1610.97
1610.71
1610
1613.29
1614.42
1616.8
1617.26
1614.59
1617.65
1618.46
1619.23
1617.82
1620.46
1620.48
1621.18
1620.33
1621.13
1621.35
1620.51
1620.33
1621.04
1624.29
1626.25
1629.95
1632.14
1631.25
1632.4
1633.84
1634.43
1636.51
1637.36
1641.32
1639.21
1640.19
1641.26
1641.3
1643.34
1646.37
1648.24
1649.42
1649.39
1647.31
1648.22
1647.78
1648.09
1648.48
1651.53
1652.58
1654.51
1656.66
1656.48
1660
1660.22
1659.04
1659.26
1659.77
1661.15
1661.71
1663.21
1663.75
1664.17
1664.54
1664.7
1666.86
1668.19
1667.9
1669.69
1668.39
1672.06
1673.13
1674.25
1672.36
1670.85
1673.35
1672.37
1672.88
1675.35
1676.66
1676.21
1677.08
1677.84
1679.33
1681.96
1683.86
1684.4
1684.86
1685.89
1686.42
1687.38
1690.46
1691.7
1692.96
1691.15
1691.81
1693.46
1694.98
1695.41
1694.05
1693.66
1696.07
1695.91
1697.41
1698.4
1697.42
1696.97
1696.39
1696.98
1697.59
1697.54
1698.03
1696.57
1694.35
1694.13
1696.13
1696.72
1697.06
1696.84
1698.45
1701.01
1700.01
1700.5
1701.24
1702.61
1705.43
1707.11
1710
1712.95
1712.73
1715.21
1717.68
1718.09
1716.88
1716.18
1716.96
1720.16
1720.58
1720.56
1723.07
1724.55
1727.12
1726.59
1726.55
1727.32
1728.28
1727.4
1727.41
1726.78
1729.23
1730.64
1731.69
1734.01
1733.33
1734.69
1736.14
1735.26
1736.36
1736.81
1737.54
1738.15
1739.59
1738.42
1739.42
1741.03
1742.1
1745.66
1744.47
1745.07
1744.23
1744.28
1744.38
1745.86
1747.4
1748.09
1748.06
1750.37
1750.03
1750.01
1748.73
1747.87
1748.71
1750.21
1749.59
1751.97
1751.53
1752.76
1754.57
1757.03
1757.81
1758.01
1757.17
1758.75
1759.37
1762.22
1765.43
1764.39
1764.44
1765.4
1764.07
1764.7
1763.73
1763.6
1764.91
1764.42
1765.62
1767.84
1770.08
1771.5
1773.93
1773.25
1773.94
1774.31
1773.72
1774.24
1775.17
1776.13
1776.75
1778.19
1779.59
1777.08
1778.54
1780.66
1780.08
1781.15
1782.71
1781.94
1783.15
1784.21
1786.21
1786.21
1788.48
1789.36
1790.55
1792.53
1793.66
1793.05
1793.8
1794.29
1794.75
1795.82
1798.93
1799.96
1798.22
1795.48
1797.73
1798.03
1797.84
1798.47
