-10333.9
-10305.2
-10276.5
-10247.8
-10219.1
-10190.4
-10161.7
-10133
-10104.4
-10075.7
-10047
-10018.3
-9989.59
-9960.9
-9932.21
-9903.51
-9874.82
-9846.13
-9817.44
-9788.75
-9760.06
-9731.37
-9702.68
-9673.99
-9645.29
-9616.6
-9587.91
-9559.22
-9530.53
-9501.84
-9473.15
-9444.46
-9415.77
-9387.08
-9358.38
-9329.69
-9301
-9272.31
-9243.62
-9214.93
-9186.24
-9157.55
-9128.86
-9100.17
-9071.48
-9042.78
-9014.09
-8985.4
-8956.71
-8928.02
-8899.33
-8870.64
-8841.95
-8813.26
-8784.57
-8755.88
-8727.18
-8698.49
-8669.8
-8641.11
