-18379.3
-18328.5
-18277.6
-18226.8
-18176
-18125.1
-18074.3
-18023.5
-17972.6
-17921.8
-17871
-17820.1
-17769.3
-17718.5
-17667.6
-17616.8
-17566
-17515.1
-17464.3
-17413.5
-17362.7
-17311.8
-17261
-17210.2
-17159.3
-17108.5
-17057.7
-17006.8
-16956
-16905.2
-16854.3
-16803.5
-16752.7
-16701.8
-16651
-16600.2
-16549.3
-16498.5
-16447.7
-16396.8
-16346
-16295.2
-16244.4
-16193.5
-16142.7
-16091.9
-16041
-15990.2
-15939.4
-15888.5
-15837.7
-15786.9
-15736
-15685.2
-15634.4
-15583.5
-15532.7
-15481.9
-15431
-15380.2
