-509.354
-507.884
-506.413
-504.943
-503.473
-502.003
-500.533
-499.063
-497.593
-496.123
-494.653
-493.183
-491.713
-490.243
-488.773
-487.303
-485.833
-484.363
-482.893
-481.423
-479.953
-478.483
-477.012
-475.542
-474.072
-472.602
-471.132
-469.662
-468.192
-466.722
-465.252
-463.782
-462.312
-460.842
-459.372
-457.902
-456.432
-454.962
-453.492
-452.022
-450.552
-449.081
-447.611
-446.141
-444.671
-443.201
-441.731
-440.261
-438.791
-437.321
-435.851
-434.381
-432.911
-431.441
-429.971
-428.501
-427.031
-425.561
-424.091
-422.621
