-13972.4
-13933.7
-13894.9
-13856.2
-13817.5
-13778.8
-13740.1
-13701.4
-13662.7
-13624
-13585.3
-13546.5
-13507.8
-13469.1
-13430.4
-13391.7
-13353
-13314.3
-13275.6
-13236.8
-13198.1
-13159.4
-13120.7
-13082
-13043.3
-13004.6
-12965.9
-12927.2
-12888.4
-12849.7
-12811
-12772.3
-12733.6
-12694.9
-12656.2
-12617.5
-12578.8
-12540
-12501.3
-12462.6
-12423.9
-12385.2
-12346.5
-12307.8
-12269.1
-12230.4
-12191.6
-12152.9
-12114.2
-12075.5
-12036.8
-11998.1
-11959.4
-11920.7
-11882
-11843.2
-11804.5
-11765.8
-11727.1
-11688.4
