-36941
-36839.2
-36737.4
-36635.6
-36533.8
-36432
-36330.2
-36228.4
-36126.6
-36024.8
-35923
-35821.2
-35719.4
-35617.7
-35515.9
-35414.1
-35312.3
-35210.5
-35108.7
-35006.9
-34905.1
-34803.3
-34701.5
-34599.7
-34497.9
-34396.1
-34294.3
-34192.5
-34090.7
-33989
-33887.2
-33785.4
-33683.6
-33581.8
-33480
-33378.2
-33276.4
-33174.6
-33072.8
-32971
-32869.2
-32767.4
-32665.6
-32563.8
-32462.1
-32360.3
-32258.5
-32156.7
-32054.9
-31953.1
-31851.3
-31749.5
-31647.7
-31545.9
-31444.1
-31342.3
-31240.5
-31138.7
-31036.9
-30935.2
