-29789.4
-29707.2
-29625
-29542.9
-29460.7
-29378.5
-29296.4
-29214.2
-29132
-29049.8
-28967.7
-28885.5
-28803.3
-28721.1
-28639
-28556.8
-28474.6
-28392.5
-28310.3
-28228.1
-28145.9
-28063.8
-27981.6
-27899.4
-27817.2
-27735.1
-27652.9
-27570.7
-27488.5
-27406.4
-27324.2
-27242
-27159.9
-27077.7
-26995.5
-26913.3
-26831.2
-26749
-26666.8
-26584.6
-26502.5
-26420.3
-26338.1
-26256
-26173.8
-26091.6
-26009.4
-25927.3
-25845.1
-25762.9
-25680.7
-25598.6
-25516.4
-25434.2
-25352.1
-25269.9
-25187.7
-25105.5
-25023.4
-24941.2
