-5067.02
-5052.87
-5038.72
-5024.57
-5010.42
-4996.27
-4982.12
-4967.97
-4953.82
-4939.67
-4925.52
-4911.37
-4897.22
-4883.07
-4868.92
-4854.77
-4840.62
-4826.47
-4812.32
-4798.17
-4784.01
-4769.86
-4755.71
-4741.56
-4727.41
-4713.26
-4699.11
-4684.96
-4670.81
-4656.66
-4642.51
-4628.36
-4614.21
-4600.06
-4585.91
-4571.76
-4557.61
-4543.46
-4529.31
-4515.16
-4501.01
-4486.85
-4472.7
-4458.55
-4444.4
-4430.25
-4416.1
-4401.95
-4387.8
-4373.65
-4359.5
-4345.35
-4331.2
-4317.05
-4302.9
-4288.75
-4274.6
-4260.45
-4246.3
-4232.15
