-1085.7
-1082.61
-1079.52
-1076.43
-1073.34
-1070.25
-1067.16
-1064.07
-1060.98
-1057.89
-1054.8
-1051.71
-1048.62
-1045.53
-1042.44
-1039.35
-1036.26
-1033.17
-1030.08
-1026.99
-1023.9
-1020.81
-1017.72
-1014.63
-1011.54
-1008.45
-1005.36
-1002.27
-999.178
-996.088
-992.998
-989.908
-986.817
-983.727
-980.637
-977.547
-974.457
-971.367
-968.277
-965.187
-962.097
-959.007
-955.916
-952.826
-949.736
-946.646
-943.556
-940.466
-937.376
-934.286
-931.196
-928.106
-925.015
-921.925
-918.835
-915.745
-912.655
-909.565
-906.475
-903.385
