-23627.2
-23561.9
-23496.7
-23431.4
-23366.2
-23300.9
-23235.7
-23170.4
-23105.2
-23039.9
-22974.7
-22909.4
-22844.2
-22778.9
-22713.7
-22648.4
-22583.2
-22517.9
-22452.7
-22387.4
-22322.2
-22256.9
-22191.7
-22126.4
-22061.1
-21995.9
-21930.6
-21865.4
-21800.1
-21734.9
-21669.6
-21604.4
-21539.1
-21473.9
-21408.6
-21343.4
-21278.1
-21212.9
-21147.6
-21082.4
-21017.1
-20951.9
-20886.6
-20821.4
-20756.1
-20690.9
-20625.6
-20560.3
-20495.1
-20429.8
-20364.6
-20299.3
-20234.1
-20168.8
-20103.6
-20038.3
-19973.1
-19907.8
-19842.6
-19777.3
