-7390.26
-7369.69
-7349.12
-7328.55
-7307.98
-7287.41
-7266.83
-7246.26
-7225.69
-7205.12
-7184.55
-7163.98
-7143.41
-7122.84
-7102.27
-7081.7
-7061.13
-7040.56
-7019.99
-6999.42
-6978.84
-6958.27
-6937.7
-6917.13
-6896.56
-6875.99
-6855.42
-6834.85
-6814.28
-6793.71
-6773.14
-6752.57
-6732
-6711.43
-6690.86
-6670.28
-6649.71
-6629.14
-6608.57
-6588
-6567.43
-6546.86
-6526.29
-6505.72
-6485.15
-6464.58
-6444.01
-6423.44
-6402.87
-6382.29
-6361.72
-6341.15
-6320.58
-6300.01
-6279.44
-6258.87
-6238.3
-6217.73
-6197.16
-6176.59
