-1991.2
-1988.39
-1985.59
-1982.78
-1979.98
-1977.17
-1974.37
-1971.56
-1968.76
-1965.95
-1963.15
-1960.34
-1957.54
-1954.73
-1951.93
-1949.12
-1946.32
-1943.51
-1940.71
-1937.9
-1935.1
-1932.29
-1929.49
-1926.68
-1923.88
-1921.07
-1918.26
-1915.46
-1912.65
-1909.85
-1907.04
-1904.24
-1901.43
-1898.63
-1895.82
-1893.02
-1890.21
-1887.41
-1884.6
-1881.8
-1878.99
-1876.19
-1873.38
-1870.58
-1867.77
-1864.97
-1862.16
-1859.36
-1856.55
-1853.75
-1850.94
-1848.14
-1845.33
-1842.53
-1839.72
-1836.92
-1834.11
-1831.31
-1828.5
-1825.7
-1822.89
-1820.09
-1817.28
-1814.48
-1811.67
-1808.87
-1806.06
-1803.26
-1800.45
-1797.65
-1794.84
-1792.04
-1789.23
-1786.43
-1783.62
-1780.82
-1778.01
-1775.21
-1772.4
-1769.59
-1766.79
-1763.98
-1761.18
-1758.37
-1755.57
-1752.76
-1749.96
-1747.15
-1744.35
-1741.54
-1738.74
-1735.93
-1733.13
-1730.32
-1727.52
-1724.71
-1721.91
-1719.1
-1716.3
-1713.49
-1710.69
-1707.88
-1705.08
-1702.27
-1699.47
-1696.66
-1693.86
-1691.05
-1688.25
-1685.44
-1682.64
-1679.83
-1677.03
-1674.22
-1671.42
-1668.61
-1665.81
-1663
-1660.2
-1657.39
