-3290.9
-3281.67
-3272.44
-3263.21
-3253.98
-3244.75
-3235.51
-3226.28
-3217.05
-3207.82
-3198.59
-3189.36
-3180.13
-3170.9
-3161.67
-3152.44
-3143.21
-3133.98
-3124.75
-3115.52
-3106.29
-3097.06
-3087.83
-3078.6
-3069.37
-3060.14
-3050.91
-3041.68
-3032.45
-3023.22
-3013.99
-3004.76
-2995.53
-2986.3
-2977.07
-2967.84
-2958.61
-2949.37
-2940.14
-2930.91
-2921.68
-2912.45
-2903.22
-2893.99
-2884.76
-2875.53
-2866.3
-2857.07
-2847.84
-2838.61
-2829.38
-2820.15
-2810.92
-2801.69
-2792.46
-2783.23
-2774
-2764.77
-2755.54
-2746.31
