318.838
335.894
354.025
371.141
389.362
406.729
424.894
441.953
459.45
477.296
494.052
512.504
526.498
543.478
561.357
572.45
584.669
603.841
614.911
633.272
644.889
663.558
661.379
679.6
696.566
717.228
723.049
744.508
747.814
742.222
742.014
755.132
753.659
764.59
755.854
766.05
750.913
763.903
771.043
769.304
789.802
797.65
817.196
831.301
852.065
869.669
885.532
886.476
898.551
927.426
927.013
924.717
951.846
969.695
975.048
996.212
1025.21
1022.22
1029.24
1056.76
1061.69
1069.76
1109.87
1114.26
1114.75
1134.46
1150.43
1157.34
1170.39
1200.04
1197.66
1217.16
1225.5
1253.97
1262.35
1272.63
1298.4
1303.26
1313.25
1340.71
1354.41
1373.79
1372.95
1395.14
1410.73
1419.29
1426
1441.37
1482.2
1477.16
1500.85
1505.06
1521.56
1531.75
1552.22
1558.26
1571.24
1580.29
1582.02
1618.79
1647.82
1656.35
1660.81
1654.25
1720.86
1702.96
1715.27
1717.23
1743.33
1749.98
1819.72
1814.08
1821.41
1804.54
1847.55
1867.52
1868.79
1877.96
1918.86
1892.31
