317.577
336.176
354.748
372.382
390.012
408.623
426.058
442.866
460.539
477.961
496.618
512.603
529.999
546.783
563.944
580.529
595.893
610.087
628.385
641.783
652.033
667.935
686.021
699.417
712.208
723.67
730.501
742.816
755.493
768.342
769.006
774.029
775.129
780.336
779.38
785.501
797.859
802.447
808.095
817.221
819.967
829.68
827.727
829.937
828.697
838.465
863.191
871.923
886.539
896.01
908.008
929.096
940.255
960.303
961.246
973.169
986.496
1011.71
1020.57
1034.34
1046.47
1069.32
1078.96
1094.85
1112.1
1117.05
1140.01
1148.62
1165.12
1173.11
1188.39
1207.15
1218.09
1234.44
1249.3
1270.55
1277.19
1297.57
1303.23
1319.69
1328.27
1351.44
1357.31
1376.71
1392.17
1407.68
1428.69
1430.09
1457.15
1474.38
1475.86
1494.42
1507.55
1524.08
1525.33
1540.22
1569.66
1571.35
1587.64
1600.88
1624.67
1625.54
1642.95
1661.43
1675.11
1713.79
1707.58
1720.15
1736.97
1740.04
1762.78
1781.55
1802.51
1810.78
1818.62
1842.2
1839.14
1861.39
1870.59
1882.63
