318.293
336.382
354.322
372.595
390.747
407.745
426.341
443.355
461.045
478.832
496.025
513.446
529.866
547.921
564.726
579.417
596.438
615.487
627.923
645.013
660.529
675.87
688.039
704.714
720.287
733.082
747.051
753.356
760.471
767.122
779.5
785.894
804.066
807.956
808.031
807.931
818.813
815.505
823.589
827.442
825.6
840.245
829.135
828.443
827.603
842.294
851.1
866.14
882.607
893.682
901.205
920.414
942.173
946.137
966.251
968.32
988.649
997.096
1017.15
1034.49
1043.96
1065.19
1071.99
1092.63
1106.56
1111.14
1129.1
1148.22
1166
1167.73
1182.34
1202.86
1215.66
1230.62
1250.68
1258.77
1271.38
1284.13
1308.6
1306.69
1323.63
1340.92
1354.61
1373.78
1394.51
1405.09
1421.97
1428.63
1441.78
1462.87
1478.84
1495.38
1504.6
1507.58
1542.8
1560.58
1564.55
1577.49
1594.76
1612.91
1630.44
1632.91
1644.99
1671.1
1678.09
1699.31
1709.01
1729.13
1735.32
1748.42
1767.03
1779.38
1793.58
1815.08
1838.85
1822.44
1861.74
1860.07
1863.75
1897.38
