317.818
336.222
354.633
372.566
389.748
407.631
424.976
442.986
460.163
478.64
494.648
512.778
528.808
547.592
564.668
577.124
591.239
610.204
622.562
645.474
655.559
674.365
688.241
698.126
711.043
722.692
738.194
744.518
751.327
763.965
759.283
758.413
761.926
775.456
778.198
784.492
785.936
779.678
789.768
787.758
787.572
795.599
804.801
826.721
834.521
851.273
866.963
877.263
888.008
899.222
916.592
935.437
954.156
958.903
976.072
987.15
994.617
1016.09
1027.52
1042.23
1049.91
1065.05
1082.16
1102.38
1121.55
1113.89
1154.53
1163.89
1174.53
1173.84
1191.11
1213.25
1235.57
1250.54
1258.97
1265.36
1269.66
1301.8
1301.56
1322.06
1341.07
1351.48
1348.49
1364.81
1382.52
1414.21
1437.84
1440.59
1456.73
1457.61
1476.98
1527.41
1534.54
1515.47
1544.93
1552.46
1567.01
1590.22
1590.89
1615.99
1616.42
1644.81
1664.47
1657.24
1703.19
1705.99
1730.55
1725.51
1731.29
1760
1771.58
1801.56
1804.86
1824.56
1817.43
1866.43
1847.2
1864.57
1865.92
1906.59
