317.311
336.315
354.172
370.073
390.344
406.374
422.495
438.56
450.871
477.085
492.852
504.597
525.656
546.119
535.176
571.136
574.856
596.644
610.838
580.171
611.099
591.199
624.475
629.308
631.605
631.408
657.151
659.059
660.599
705.958
687.535
709.052
706.074
737.604
734.077
767.794
768.902
749.79
801.593
796.903
842.558
830.018
857.799
872.804
879.069
901.192
934.094
918.455
929.769
966.601
965.657
973.337
1005.67
967.393
997.98
1034.57
1054.08
1052.68
1073.22
1089.46
1108.64
1111.86
1111.98
1131.17
1162.66
1169.38
1212.3
1180.34
1209.8
1220.93
1247.09
1256.99
1284.25
1270.45
1285.93
1295.29
1303.12
1347.45
1325.19
1336.95
1363.33
1373.29
1399.82
1435.9
1385.09
1461.22
1457.85
1477.47
1480.6
1511.72
1486.73
1493.07
1563.61
1595.6
1564.32
1567.2
1629.17
1586.76
1617.89
1683.29
1667.6
1671.65
1657.91
1706.48
1671.63
1675.35
1730.23
1754.49
1715.5
1788.68
1735.37
1768.06
1808.72
1815.42
1820.53
1846.03
1837.85
1838.87
1836.06
1852.23
