315.982
336.833
354.595
370.244
388.884
407.688
423.339
441.062
460.37
473.784
489.6
511.385
525.046
542.803
555.526
573.058
582.001
589.733
615.789
621.472
632.145
660.389
666.674
675.975
702.33
700.545
714.706
706.398
712.574
730.839
705.564
698.158
711.607
704.733
718.764
732.752
751.551
765.646
786.375
798.155
816.676
804.222
831.76
846.13
842.46
863.549
883.515
877.173
899.642
923.313
944.866
942.555
952.481
948.241
995.18
1016.44
1007.31
1037.38
1059.56
1069.51
1086.16
1104.01
1098.99
1117.58
1125.9
1150.22
1162.35
1190.99
1163.83
1191.62
1220.37
1231
1248.79
1253.52
1280.59
1288.19
1297.99
1344.35
1347.3
1357.06
1381.37
1367.35
1358.48
1404.73
1422.64
1430.96
1461.5
1466.27
1480.19
1496.86
1500.62
1514.6
1536.91
1590.14
1561.76
1574.99
1582.85
1615.76
1612.24
1634.65
1658.32
1662.92
1682.99
1703.56
1722.17
1736.2
1709.98
1756.28
1802.58
1780.8
1804.34
1826.46
1838.3
1868.04
1859.62
1845.68
1889.3
1871.99
1897.22
1946.11
